100 132 0 5
0 1 16
0 2 13
1 2 10
1 3 12
2 1 4
2 4 14
3 2 9
3 5 20
4 3 7
4 5 4
9 5 20
15 3 5
14 29 15
7 32 19
47 53 3
26 84 6
3 24 5
34 42 11
19 70 30
7 77 14
6 81 5
23 72 12
42 64 20
18 32 13
13 67 16
26 39 20
65 69 30
61 72 15
19 69 10
11 63 25
10 42 30
16 17 14
46 52 3
52 21 39
57 80 56
7 65 70
21 100 68
64 18 69
51 61 54
30 45 91
93 98 31
99 83 95
48 34 61
11 25 19
1 2 82
69 97 79
91 75 69
55 54 63
35 67 78
76 97 68
32 80 20
23 60 83
2 29 12
65 35 46
85 99 56
10 8 47
12 76 9
25 24 56
23 92 6
47 31 20
54 82 73
57 64 47
98 23 73
63 33 68
28 18 93
29 72 69
68 94 40
59 75 19
62 40 4
95 3 60
18 60 61
60 32 94
19 8 72
47 56 93
87 40 51
14 62 5
72 95 45
43 20 3
79 74 46
63 45 15
65 79 67
52 67 42
77 74 14
39 36 84
57 74 62
44 8 77
77 66 53
82 29 14
79 31 94
33 86 96
45 85 79
39 68 80
93 48 90
36 11 75
73 66 16
37 8 1
19 7 17
96 91 49
87 74 7
69 63 32
73 36 31
61 19 36
33 78 58
86 56 93
26 32 90
87 46 29
51 56 97
25 18 91
74 88 11
23 99 44
26 93 47
72 56 70
87 76 82
28 50 12
60 29 85
92 99 77
83 15 40
32 90 10
49 79 33
80 24 95
50 96 7
34 23 3
31 94 30
41 21 17
43 62 52
46 86 21
9 37 88
67 88 99
66 80 21
18 14 83
20 39 83
76 88 56