20000 1000 16236 4624
10 7745 667
12 11854 763
33 15452 360
37 10873 625
80 8382 437
82 7315 991
113 8177 373
122 9752 617
122 10678 492
190 12940 689
196 16077 338
197 2773 313
207 19256 26
230 19391 714
248 1454 918
262 12149 409
307 1692 187
322 14934 790
431 18883 341
479 2994 721
490 14216 9
498 2502 620
503 9477 392
530 15828 151
559 18225 186
564 17099 111
596 6651 403
618 11961 176
626 11152 601
646 12648 486
650 2626 439
660 8359 873
681 11997 133
692 13699 837
734 13481 677
737 9926 151
754 9954 941
755 19802 240
784 3707 87
804 1827 809
842 10305 538
859 91 526
859 2309 555
930 783 564
936 3003 999
971 5696 897
986 2240 375
1009 8524 274
1014 9616 709
1041 7720 894
1042 5096 256
1058 19063 828
1065 17355 655
1083 3042 996
1103 16081 863
1121 4597 687
1143 5425 776
1146 9390 527
1149 13112 932
1232 13349 112
1249 14852 92
1286 6863 779
1340 7214 10
1347 11772 962
1350 11682 565
1367 5805 250
1377 11257 767
1381 8874 605
1381 17548 44
1384 10581 428
1416 16615 788
1419 11365 710
1444 18679 557
1459 12145 19
1496 7864 161
1499 13299 831
1515 4673 195
1553 3549 450
1566 14808 426
1588 3226 139
1648 11038 981
1656 5206 987
1664 4617 326
1677 11549 226
1689 527 876
1706 8265 138
1776 11542 311
1777 6430 599
1803 9518 794
1826 8724 408
1930 13663 14
2024 1078 551
2064 2416 196
2075 16850 97
2107 15490 666
2137 6335 444
2147 6556 59
2154 573 138
2165 3286 832
2181 19887 525
2201 5218 108
2258 19771 527
2344 17603 648
2349 12823 362
2351 19552 544
2368 5861 713
2413 4304 34
2431 2734 734
2441 15113 668
2510 18452 391
2553 19892 12
2580 17254 735
2592 7264 489
2608 1046 665
2653 5211 210
2676 2232 454
2704 9657 250
2740 14676 310
2762 13053 129
2802 12886 734
2809 11534 348
2822 12828 691
2840 9088 73
2843 5590 314
2846 10854 87
2853 8493 237
2866 12841 62
2921 16198 693
2956 5632 775
2966 8985 970
2994 6091 82
3013 18177 390
3040 15361 512
3041 4627 243
3051 19155 216
3069 16015 121
3079 7102 515
3089 902 552
3118 121 883
3168 18018 638
3184 733 338
3188 4739 692
3266 17915 788
3268 15529 972
3318 16791 705
3326 8637 572
3339 16416 128
3359 13604 862
3399 19849 850
3407 19983 672
3432 7237 445
3473 9551 387
3474 10369 827
3497 19408 573
3550 7176 491
3575 4653 55
3575 7979 640
3575 19913 770
3631 16619 587
3638 11006 535
3671 3058 922
3698 4533 467
3726 16159 282
3729 5467 353
3767 10579 379
3786 3960 875
3790 15879 603
3799 9236 22
3803 13280 140
3814 13027 915
3840 3943 698
3877 801 457
4048 12374 868
4061 2499 663
4084 18800 541
4091 3338 526
4101 18504 198
4113 10987 985
4131 15725 236
4138 8188 479
4164 11074 120
4177 16764 979
4247 4349 510
4252 11797 702
4254 14755 29
4267 17230 926
4273 2218 367
4302 5167 119
4303 4536 972
4313 6532 919
4323 11531 160
4380 4950 552
4384 4444 342
4393 3145 279
4394 14092 613
4409 9417 384
4426 4841 987
4470 9718 405
4496 6786 99
4532 1947 696
4617 4687 78
4619 206 857
4637 5741 814
4644 4048 519
4693 5995 327
4706 8979 303
4714 508 121
4744 7550 245
4773 16267 207
4795 646 698
4955 17327 941
4960 1710 846
4964 8695 387
4965 8332 24
4984 15122 781
4996 10579 349
5029 14663 56
5054 2331 656
5060 5216 157
5089 11215 984
5094 2430 897
5111 2162 501
5137 16574 408
5155 6107 372
5173 11463 329
5230 13753 454
5281 17631 277
5296 8361 209
5323 15522 316
5346 19290 237
5350 4418 416
5358 6591 196
5364 17217 994
5369 1395 881
5389 6593 168
5404 7778 3
5450 15455 708
5453 12239 79
5459 12144 543
5477 10343 19
5512 14497 254
5555 13760 871
5640 3631 761
5694 2155 513
5695 3293 519
5710 10188 664
5715 16700 690
5732 8324 242
5734 1297 446
5738 3809 131
5739 19566 592
5759 17535 138
5807 2030 490
5810 16060 83
5814 10529 299
5821 1274 967
5837 14197 910
5853 19762 447
5857 13733 192
5875 5179 826
5878 17593 39
5946 10172 666
5949 3542 144
5955 7856 666
5986 17280 350
6032 12407 789
6050 1522 301
6077 3698 287
6081 13017 992
6141 17913 605
6162 18791 681
6167 8271 168
6178 7211 254
6203 3886 720
6204 4720 250
6206 10452 703
6227 1940 592
6245 4783 864
6251 15500 314
6254 4181 307
6266 15477 593
6284 14603 360
6292 853 75
6294 17404 196
6301 2070 6
6311 18300 500
6318 16890 470
6335 8083 432
6360 14116 380
6366 555 181
6369 18490 751
6418 2420 736
6516 12112 733
6533 1972 885
6561 10073 575
6568 3196 587
6582 854 22
6630 18772 348
6656 16311 411
6790 2296 397
6818 10846 360
6832 927 829
6834 7897 194
6844 5799 825
6859 16069 879
6881 1285 60
6952 13469 636
6985 16347 453
6989 952 672
7004 2935 253
7051 6157 288
7060 3715 907
7106 1650 729
7132 2164 661
7139 18977 920
7146 6303 451
7168 17412 718
7184 524 390
7187 4252 75
7233 1580 655
7233 12547 198
7235 14838 927
7254 9358 948
7269 2261 829
7272 17350 971
7282 6629 998
7283 5654 871
7286 10271 957
7291 6546 908
7302 5572 42
7321 5428 1
7358 12671 386
7359 2670 176
7377 7758 702
7470 12073 104
7479 1948 508
7502 9044 638
7572 13365 502
7589 9249 81
7591 19244 857
7615 4087 535
7617 5294 875
7620 15459 340
7628 18285 354
7634 9738 607
7661 5373 59
7705 7868 904
7716 14121 310
7718 10153 99
7729 789 427
7731 1714 837
7740 13969 416
7751 18360 953
7795 8630 741
7797 9800 598
7813 7169 78
7881 4250 732
7887 6835 103
7903 12706 497
7959 12704 849
7971 7214 240
8000 6472 511
8023 13954 700
8060 13933 613
8087 10359 932
8109 16079 312
8127 7501 557
8146 6723 990
8185 17387 191
8243 5399 600
8247 19739 123
8279 12328 17
8286 11177 789
8313 15362 689
8346 3847 44
8385 7366 632
8397 1661 405
8416 17446 710
8425 16382 528
8476 11675 919
