20000 10000 6868 8114
1 16777 55
2 8115 638
3 2439 824
8 15857 296
9 16187 965
10 6935 835
14 6077 192
17 5102 409
24 4489 17
27 4968 973
30 19972 131
33 16947 69
38 8156 607
43 714 308
43 7346 939
44 19973 721
46 16334 926
48 19078 610
50 13874 89
52 6304 640
54 891 118
55 3258 981
58 5572 240
65 12810 854
65 16762 454
65 16948 637
65 17589 702
67 15904 942
68 10341 613
72 10477 70
72 15047 782
77 18939 447
82 11734 155
86 4117 982
86 16195 238
87 7445 620
87 16479 371
95 5018 937
97 2967 788
98 2420 223
99 9202 624
100 11599 120
102 18382 733
102 19118 892
103 517 168
104 16752 826
105 12231 4
105 15843 418
107 19980 972
108 19997 208
113 19064 588
116 14334 362
118 1272 869
120 2604 301
120 16990 881
122 1580 779
129 8499 400
144 17613 953
145 10055 747
145 11966 330
146 8363 399
149 18428 705
157 3187 206
157 18410 289
160 148 275
162 19669 357
164 12337 454
169 13552 353
169 17468 236
170 17844 247
171 14545 976
172 3616 743
172 9259 944
173 7572 919
174 14372 686
179 4851 561
179 13371 997
180 3071 970
184 5661 186
185 2981 124
188 10398 690
188 15943 596
189 1904 166
193 6561 435
193 11595 927
193 12740 435
200 1004 197
200 4596 98
200 16352 321
204 10918 915
205 17783 562
207 16072 74
210 5230 870
210 19017 783
211 7597 941
212 19096 345
213 3090 544
213 8220 755
226 2470 851
226 17616 330
227 5208 900
227 6377 648
227 8605 470
231 3911 575
231 10859 890
231 13460 79
243 14778 30
244 3339 399
249 8408 111
249 19226 338
251 167 285
251 18147 439
254 10218 330
258 8350 427
259 3675 767
262 13722 474
264 4135 5
264 10590 767
265 7103 982
265 10603 629
268 19587 657
271 2468 963
271 6583 23
274 3492 58
275 12555 243
278 9617 724
279 19978 371
281 201 955
282 17931 26
284 13940 793
290 10449 928
292 14178 405
293 14650 654
299 2051 345
301 16340 451
303 313 209
304 12263 459
306 12792 846
312 18313 302
316 3504 422
317 11369 90
317 18331 380
321 19817 792
322 2539 361
330 7433 948
332 6553 123
332 11189 676
333 4678 113
333 8056 789
336 313 923
337 15391 457
339 11825 435
339 19188 642
342 15841 515
344 15310 179
347 6083 760
351 6323 889
351 10341 875
353 11682 547
354 3221 672
354 9630 665
356 3110 314
359 18549 566
362 13652 681
364 1704 436
364 7484 407
364 14581 411
365 12770 844
366 16119 788
367 9090 614
372 2798 931
374 2650 143
374 13579 280
379 2578 78
380 19353 298
381 14594 644
381 19918 41
382 6944 880
382 19603 960
383 1758 134
383 7361 654
383 10530 321
384 13414 772
385 7179 930
387 7279 97
389 14041 325
393 3036 84
395 6157 598
402 15299 890
404 10521 187
406 4276 636
406 7246 955
412 16216 538
415 9341 737
419 18125 419
420 14690 188
424 13287 317
424 14764 242
425 12562 618
425 17355 239
425 18314 491
427 15271 495
437 8118 156
441 205 651
442 6912 723
445 16345 516
450 17614 957
451 9143 207
457 14681 195
464 8756 989
471 7798 217
476 6419 492
476 7701 50
478 11185 160
482 363 577
482 8589 593
488 4238 119
488 13391 830
489 16433 943
493 16750 70
498 12143 768
498 19674 956
499 13744 217
502 8767 880
511 19190 127
513 9905 236
513 12048 12
514 6842 125
520 12605 313
521 7382 427
525 2009 854
529 1509 891
531 10955 589
538 16293 616
541 444 765
541 11781 59
541 14140 682
548 3004 198
556 2106 56
557 418 266
557 8037 202
557 10209 586
564 13620 980
564 17794 94
571 9797 166
572 5455 598
575 9441 525
575 9559 31
578 2523 529
580 480 651
582 10272 894
583 6521 499
583 12408 171
586 1658 363
586 17713 22
592 7463 616
594 12615 204
595 13210 78
595 15450 151
598 15414 201
599 1138 22
599 17338 929
600 10814 680
601 16563 14
602 5555 774
603 183 299
606 1645 974
607 9023 688
616 2725 837
616 6948 781
619 19215 371
621 310 852
621 8365 503
622 3401 133
623 14223 782
623 17923 30
625 2025 966
627 1512 348
627 2349 992
633 17661 926
637 14981 78
639 4968 378
639 16056 981
644 3437 242
645 13684 690
647 5197 717
650 5634 264
651 2225 878
651 2409 806
653 14630 662
653 15754 41
655 9194 602
656 2586 569
657 4082 861
657 9694 403
657 10725 305
659 19505 621
660 485 724
663 5297 564
668 8276 177
675 5329 988
675 15837 963
676 3781 4
676 7998 766
680 15681 589
681 7743 265
687 2790 930
689 11563 818
690 16139 140
691 4435 20
695 1596 276
697 2855 382
698 3908 44
699 6441 806
700 726 12
704 1400 291
705 6864 302
705 13421 827
707 16341 647
708 15406 652
709 4347 483
713 1191 2
713 2511 676
714 13662 977
716 3973 757
717 7088 263
718 3790 490
720 9855 660
722 1453 795
722 19059 843
723 1065 748
724 266 50
729 17978 894
730 16375 252
731 11515 22
732 16808 446
734 10884 341
736 17571 377
737 16151 355
739 13259 90
743 17684 188
744 19304 290
745 9614 459
749 7858 730
750 15038 226
751 18443 636
754 10268 425
754 19057 715
755 13369 804
756 2290 75
756 15860 21
757 5759 937
757 9831 665
758 2 521
763 420 232
763 1839 895
763 11032 121
764 3185 22
765 14625 56
770 14307 534
774 13153 337
777 10443 514
779 14823 768
783 18592 579
784 2612 324
784 5700 373
785 10481 633
789 2437 211
790 17659 861
793 17274 99
796 1773 782
798 11472 439
799 12799 166
800 18061 963
801 12800 695
806 10430 817
807 15669 138
809 2806 183
813 9356 163
813 10733 553
815 2771 75
815 13466 52
816 12483 532
822 10888 183
823 19086 93
828 18927 225
830 5889 986
831 1859 218
831 19834 746
832 7145 362
832 7929 887
837 7387 154
838 7894 338
845 12916 68
848 2048 529
848 3154 530
848 16831 781
850 5616 559
850 16300 34
852 4647 818
855 16208 10
855 18989 801
857 6406 619
857 15185 794
858 13781 529
861 11503 487
862 1001 474
862 15556 192
864 5064 445
864 18676 718
865 3420 343
869 15015 528
872 11540 376
874 10977 127
875 11994 893
875 18326 705
876 12480 654
880 16525 857
884 1522 524
887 10025 602
887 17603 361
888 19770 302
889 18908 173
894 6276 223
894 7765 127
894 18153 105
895 5642 427
896 2826 666
898 13977 560
900 4918 156
902 2744 8
902 6753 277
902 13451 162
905 17105 398
907 13661 270
911 14263 241
912 3410 363
914 9885 848
918 15006 663
918 17455 665
918 19552 381
919 7761 535
920 19114 431
922 14943 943
924 170 392
926 18801 808
930 6376 211
932 5116 562
934 1976 131
935 11328 703
936 3155 165
937 19812 26
941 1720 341
945 12650 345
947 8101 756
948 18584 270
954 19550 393
966 4899 820
969 16681 392
970 15805 57
971 14882 721
972 6261 278
975 8968 901
976 11758 349
977 428 54
980 3693 354
980 10878 708
981 754 341
981 14219 776
983 709 910
991 3537 598
995 12557 270
995 13913 513
996 7104 114
1000 489 213
1001 13729 601
1002 5766 113
1003 9350 616
1005 5727 245
1006 890 336
1010 18117 572
1011 18815 958
1012 17165 784
1015 15117 790
1017 11860 911
1018 1596 912
1020 12813 900
1023 1061 325
1025 5442 202
1028 14508 949
1029 510 742
1032 12329 468
1035 12512 101
1037 2345 545
1040 298 859
1041 17667 452
1043 10789 834
1050 12272 204
1051 3923 1
1051 9069 422
1053 15379 928
1056 15346 104
1058 17687 506
1065 18846 520
1068 2367 910
1069 7531 314
1069 19680 955
1071 11432 885
1072 8209 961
1073 10597 158
1073 19989 807
1074 9988 457
1075 18708 552
1083 13100 799
1084 10262 929
1086 8500 980
1086 9235 618
1086 17682 871
1089 858 309
1090 13022 962
1095 17193 665
1100 7360 468
1103 6571 452
1105 17588 278
1106 13201 803
1111 2352 825
1111 12833 381
1112 94 110
1113 8205 505
1114 4384 45
1114 10998 283
1128 8841 370
1129 9931 523
1130 17365 329
1133 5841 217
1134 1712 121
1134 6057 381
1135 7035 154
1139 8705 449
1144 2486 550
1150 9601 131
1154 4569 624
1157 3421 51
1158 16190 591
1162 13943 291
1163 12490 704
1163 19440 916
1166 8202 151
1166 11971 194
1168 16761 730
1169 1622 87
1174 14220 366
1174 17091 667
1175 8784 836
1176 559 848
1178 9785 599
1180 10471 960
1185 6497 535
1185 10121 818
1185 17570 855
1187 4883 150
1188 222 791
1190 8409 568
1194 11463 397
1205 11474 546
1206 12618 705
1207 8151 504
1207 16049 141
1208 16184 278
1208 17970 676
1208 19725 32
1209 17679 234
1210 13485 131
1211 15162 727
1213 3423 809
1213 5545 504
1213 14265 120
1214 6615 168
1214 11553 490
1226 17223 470
1227 6901 480
1227 9571 593
1227 17810 914
1229 2419 273
1234 7050 166
1238 3920 226
1240 9267 527
1241 6191 292
1243 10142 560
1243 13888 709
1245 3212 190
1246 7401 852
1249 136 540
1250 17487 161
1252 8965 602
1253 18591 379
1257 14216 586
1258 7433 156
1262 14335 44
1266 3029 635
1271 2014 266
1272 15685 39
1274 7842 338
1274 8125 60
1275 6970 363
1286 13497 888
1289 17926 915
1291 12247 513
1295 6876 247
1296 13261 533
1296 17968 83
1297 5590 493
1299 10795 641
1299 13259 128
1301 11879 840
1301 12232 947
1301 17365 563
1303 9531 262
1304 1889 76
1306 2511 627
1307 15943 39
1321 10841 169
1322 5065 666
1323 9273 619
1325 215 694
1327 10351 27
1327 16647 614
1328 7393 442
1335 12917 725
1337 7 303
1337 279 168
1337 7806 171
1337 9632 243
1339 12068 272
1340 17100 924
1345 7249 225
1348 5738 475
1349 1131 295
1352 15506 707
1358 14531 359
1361 14295 441
1362 7514 530
1362 9527 128
1363 17546 199
1364 16413 629
1364 18011 988
1369 18569 855
1370 18769 593
1371 239 323
1372 1872 1000
1373 13070 98
1375 261 857
1377 17654 808
1378 7772 481
1378 11001 899
1379 10017 687
1381 14685 566
1385 511 376
1385 14198 823
1385 16415 538
1386 2202 91
1386 7221 214
1389 2642 463
1389 6901 428
1392 7747 637
1393 6601 102
1394 8470 696
1394 14475 979
1395 16558 711
1400 1992 880
1400 16084 563
1401 8106 410
1404 10896 12
1412 19711 951
1418 11007 245
1418 16980 836
1420 13214 489
1421 13198 864
1422 3872 252
1422 14666 368
1425 10310 262
1430 11198 556
1431 346 844
1433 4669 645
1433 10833 415
1436 12225 290
1437 11206 953
1438 5247 401
1439 3219 760
1439 10421 855
1445 2871 35
1446 10647 494
1448 14462 724
1449 1686 39
1453 581 49
1453 16376 312
1454 16767 288
1456 4938 378
1456 8938 169
1456 17824 604
1462 11346 531
1463 10967 980
1463 17568 215
1465 8584 320
1468 18573 299
1468 19498 659
1470 702 753
1470 11239 804
1470 16825 107
1471 8261 96
1473 7890 118
1476 13155 263
1482 7304 324
1482 7553 995
1485 8348 142
1487 16876 308
1488 10075 634
1488 17257 853
1489 9706 106
1490 66 733
1492 964 136
1494 14481 602
1495 15484 693
1497 3446 988
1497 6485 190
1498 18732 737
1499 3691 314
1499 17249 518
1499 18889 905
1500 14605 118
1501 19021 598
1502 4595 344
1509 13535 361
1509 17189 906
1511 15107 362
1512 13370 69
1513 3085 464
1514 4718 410
1516 7364 157
1519 5597 275
1519 17977 295
1520 614 863
1520 19522 35
1522 993 702
1524 15795 428
1528 12741 106
1532 5600 910
1538 2517 676
1542 350 451
1544 19684 604
1546 10512 521
1550 5129 553
1550 5759 775
1550 7336 97
1550 10388 539
1552 14817 230
1553 1057 296
1555 11412 286
1555 19911 534
1558 6479 785
1560 12274 781
1562 325 395
1562 9306 574
1562 13186 997
1564 765 776
1564 4322 628
1564 9570 570
1564 11346 937
1566 18152 744
1567 14378 397
1570 2770 965
1571 4713 242
1572 6634 281
1572 14008 957
1573 19284 146
1577 17389 457
1578 12125 245
1580 18229 923
1581 11792 458
1584 6460 877
1585 2236 987
1586 8097 73
1587 13194 186
1588 6089 840
1590 6252 511
1591 1600 807
1592 930 372
1592 11181 362
1594 9768 735
1595 18726 901
1601 18672 929
1602 4164 339
1603 3490 530
1610 2550 622
1611 1590 87
1612 5263 353
1614 2610 677
1614 18415 429
1619 4986 118
1620 5640 504
1625 6798 378
1626 12893 458
1628 5997 901
1630 4371 524
1630 17046 129
1631 15261 641
1638 1342 317
1638 2992 77
1645 18793 173
1650 3760 128
1651 788 938
1654 5692 590
1657 12937 764
1657 18941 922
1659 16034 715
1661 14881 513
1666 18032 947
1669 16253 786
1672 12073 298
1673 625 984
1674 10238 196
1676 16111 856
1678 17461 275
1678 19494 406
1681 3791 84
1681 16752 84
1681 17603 772
1685 13343 228
1686 9922 745
1688 533 294
1692 9261 784
1693 45 592
1693 5513 966
1693 14306 993
1694 8278 181
1696 1286 106
1698 11793 300
1699 15534 652
1702 5286 529
1703 13796 456
1705 17488 825
1707 17814 763
1709 1468 221
1709 7424 460
1713 14928 627
1715 14335 740
1719 2994 886
1719 3945 101
1719 10697 565
1721 6590 754
1721 17883 101
1724 3050 955
1728 598 837
1728 16173 925
1730 18569 788
1731 18020 612
1736 11510 125
1739 8174 354
1742 12860 238
1746 16071 888
1748 7680 573
1749 7869 905
1749 9044 889
1750 993 785
1751 12608 194
1756 19676 917
1758 7385 741
1759 6214 865
1760 9245 849
1761 18771 103
1762 4213 561
1771 19989 401
1777 4746 929
1777 19853 872
1785 3655 524
1786 2176 840
1787 4176 980
1787 18488 257
1788 1547 388
1788 16323 394
1788 16377 156
1790 19821 802
1791 3103 657
1791 19868 13
1792 4715 507
1792 8769 803
1794 1070 46
1795 3108 849
1797 14082 863
1805 5971 61
1807 1547 64
1808 14931 1
1810 2199 995
1810 12986 932
1811 12321 554
1812 12212 809
1812 17604 997
1813 17787 535
1814 10294 319
1816 18802 577
1818 4860 380
1819 15038 181
1820 10158 131
1822 15151 841
1823 2619 989
1823 17708 610
1824 14639 125
1825 18069 839
1826 19453 241
1829 7641 86
1832 8089 610
1833 8008 785
1833 8084 777
1834 18473 810
1835 19901 519
1836 1399 848
1840 16920 237
1841 5926 372
1844 1376 382
1851 1366 91
1854 17005 220
1855 2351 365
1857 6455 214
1858 2819 953
1861 11058 303
1864 7157 469
1866 1829 898
1866 17283 99
1868 2970 135
1868 11328 869
1869 10370 343
1870 6866 835
1870 10147 152
1870 15922 519
1870 19378 436
1871 5229 127
1873 4868 389
1876 7374 528
1879 13812 271
1881 3319 959
1881 19886 560
1882 4906 421
1889 7729 627
1890 2467 673
1890 4921 894
1890 7683 965
1890 11866 467
1894 6797 329
1895 3371 97
1895 3915 220
1898 18445 307
1900 11011 330
1903 8265 523
1905 11735 710
1907 14511 613
1908 14087 962
1911 7418 506
1915 6817 935
1917 19197 731
1920 5923 996
1920 8584 338
1920 19342 174
1921 2068 620
1921 13806 935
1925 13568 413
1926 17013 934
1927 14384 195
1933 7507 835
1939 18971 258
1941 3016 296
1946 17643 527
1948 3939 157
1950 15367 800
1951 17521 881
1953 3729 422
1953 16576 19
1954 2871 622
1954 3019 154
1954 8932 417
1955 10709 97
1956 4460 183
1957 2828 13
1961 1877 455
1961 13253 168
1962 1422 241
1962 6143 147
1963 3304 539
1967 14683 626
1968 8713 757
1973 9386 998
1975 1999 94
1980 14001 320
1986 4822 232
1989 3436 997
1993 3859 817
1996 1385 5
1996 10588 990
2000 18722 806
2001 6512 795
2006 2068 56
2008 17195 750
2008 19510 503
2010 3435 449
2011 1238 786
2012 19861 37
2013 12178 442
2016 15370 410
2017 9649 931
2017 12977 955
2019 2159 222
2020 7081 7
2027 3802 161
2031 14540 31
2033 7662 587
2033 17802 315
2045 16481 705
2047 9274 128
2051 9421 90
2054 17809 975
2055 1722 293
2060 816 392
2061 7671 296
2062 19112 163
2064 11439 591
2065 814 757
2066 4961 739
2067 6478 67
2071 10419 757
2072 19092 990
2074 2805 925
2075 3781 138
2075 19855 512
2077 17240 485
2078 15907 118
2080 19116 313
2081 4231 4
2083 2981 524
2083 14807 9
2083 17730 772
2084 12932 727
2089 13180 144
2089 19387 197
2091 3498 773
2092 4024 755
2093 15077 807
2094 445 482
2096 8497 903
2096 15162 840
2101 18529 455
2104 13857 23
2106 5052 18
2106 10211 358
2107 13036 500
2107 18586 756
2110 8821 999
2111 6014 628
2112 7376 523
2113 16490 64
2114 5689 254
2117 15372 330
2120 13138 457
2121 13887 753
2122 5322 488
2122 10154 478
2123 17602 999
2125 12144 353
2126 13071 699
2129 5204 667
2129 18261 58
2133 9609 840
2133 15452 273
2138 6601 737
2142 16353 390
2143 3058 961
2145 6675 802
2145 17020 464
2148 7394 931
2152 14343 723
2153 3468 398
2153 10122 903
2154 4137 582
2154 10250 359
2157 944 326
2161 13366 966
2161 19425 111
2162 12763 687
2164 18145 936
2168 2063 139
2170 13384 359
2170 14848 673
2171 5939 830
2174 7827 926
2175 10848 15
2175 14949 358
2181 3017 479
2181 11569 237
2186 12674 172
2186 19145 553
2187 11006 819
2188 8970 9
2188 18676 203
2191 18521 358
2192 18575 28
2193 15214 59
2198 15159 118
2201 19056 698
2206 6536 63
2207 12199 196
2208 11068 454
2209 14270 612
2210 12138 260
2217 14667 401
2220 11925 263
2225 6894 68
2230 15359 358
2231 6482 139
2235 19746 412
2237 767 686
2237 9709 51
2238 6045 57
2238 18359 462
2240 18634 994
2241 3112 187
2246 17376 110
2253 16591 39
2256 18970 691
2260 11204 349
2261 11414 770
2264 13249 35
2266 2561 21
2267 637 98
2271 17678 371
2277 15181 160
2278 10867 27
2281 4555 864
2281 13479 735
2286 13016 465
2292 16993 564
2297 5774 688
2299 3075 498
2300 6801 738
2300 15770 921
2303 7370 686
2306 9431 986
2306 18390 738
2308 6578 308
2308 11650 858
2315 8187 659
2317 15220 10
2318 16112 789
2320 4897 688
2323 10284 304
2329 9665 231
2335 1346 708
2339 11423 379
2342 6336 803
2344 4208 777
2344 8293 230
2345 17129 906
2353 8234 923
2356 19994 23
2360 15118 471
2360 15961 714
2365 3665 597
2368 15245 310
2369 3264 396
2369 12401 994
2370 5565 311
2371 19179 211
2372 10159 107
2372 12859 905
2372 14463 869
2377 7035 927
2377 19851 78
2379 18278 838
2380 10130 88
2382 6294 109
2384 5288 393
2384 18626 996
2384 19757 705
2387 11232 228
2393 8324 40
2394 5128 995
2394 5441 191
2396 150 922
2399 5722 357
2403 2291 575
2409 15610 373
2409 18796 329
2411 3057 456
2411 13159 451
2412 14513 141
2414 1099 886
2420 10378 252
2422 7047 788
2425 12967 142
2425 17634 999
2427 12208 134
2427 17604 975
2428 6978 367
2428 11804 545
2430 12737 581
2431 16160 769
2436 5889 653
2441 9434 597
2442 14597 280
2442 15295 559
2444 18176 329
2449 6485 646
2453 13109 209
2454 15091 880
2455 12435 143
2457 10122 106
2457 18588 391
2458 15255 620
2458 17330 593
2459 8610 668
2460 9247 772
2461 10091 635
2463 16672 85
2466 8466 626
2467 8286 247
2469 12206 274
2471 2178 211
2471 5240 240
2472 6396 418
2472 8966 720
2473 774 906
2473 16093 22
2474 7639 401
2476 13623 423
2477 10308 405
2481 7896 962
2481 15920 783
2482 13786 790
2484 11667 303
2487 18688 271
2488 3562 354
2489 666 934
2489 11708 67
2490 10625 573
2496 13066 380
2501 13594 394
2501 15266 605
2506 11502 238
2507 6507 263
2507 14057 70
2511 6031 624
2512 7292 135
2514 15024 931
2515 15046 904
2515 18812 150
2518 12675 601
2524 12951 930
2524 16187 727
2525 14717 349
2535 668 63
2535 2798 199
2535 16892 244
2535 17586 769
2537 9962 492
2539 8991 722
2545 19939 454
2550 343 350
2552 1472 778
2554 8738 600
2556 15157 33
2556 16219 853
2557 10050 306
2558 6224 459
2558 6781 69
2558 19645 595
2559 10767 341
2564 16077 814
2566 13284 377
2568 3161 577
2571 5488 172
2572 8986 963
2572 16294 846
2573 17849 49
2583 14024 174
2586 11160 616
2593 14175 113
2597 6989 240
2599 16608 35
2600 4088 398
2600 5048 896
2600 13103 537
2601 4926 333
2602 2156 389
2608 15813 701
2609 12240 830
2623 12720 639
2624 408 495
2624 1552 472
2626 1601 475
2627 5003 326
2627 15612 94
2631 4278 837
2632 13226 144
2633 9019 74
2633 16215 426
2642 13058 481
2649 9580 201
2650 415 187
2650 8854 731
2651 6262 357
2653 2322 124
2653 11930 344
2657 5793 963
2661 8285 379
2668 2480 181
2670 18788 611
2672 18627 9
2673 17800 1
2674 2819 347
2674 9905 712
2675 9154 111
2677 13962 720
2677 16108 358
2679 7367 574
2679 8314 180
2681 1870 611
2681 3854 962
2683 14893 843
2683 16865 857
2684 2652 592
2684 12164 642
2685 12755 273
2689 1900 512
2690 1388 790
2694 6532 72
2696 10384 363
2696 16851 501
2699 5154 513
2699 9030 40
2700 293 296
2701 2117 157
2703 2516 415
2704 17569 200
2706 5798 421
2711 12454 641
2715 1844 16
2716 4506 509
2719 6740 548
2719 14651 981
2720 17142 370
2721 4724 615
2721 18727 671
2723 15620 18
2723 18207 487
2725 13202 168
2728 3884 395
2729 7259 326
2732 6078 682
2734 8853 172
2736 8611 464
2746 16266 437
2747 6331 818
2748 8337 9
2750 12835 513
2750 16610 165
2752 9676 494
2755 12815 84
2769 12100 411
2771 15318 325
2772 12967 5
2777 9191 667
2778 382 649
2780 19123 810
2783 11596 272
2783 17640 952
2790 2824 75
2792 4672 866
2793 11686 457
2796 2204 251
2796 5558 366
2797 813 601
2802 7688 44
2802 9090 839
2805 2126 229
2808 6167 802
2809 1288 919
2810 2665 118
2814 4275 779
2816 19375 75
2819 594 442
2819 9193 475
2820 18756 657
2828 626 321
2830 7624 641
2831 2094 113
2833 12573 291
2844 9976 7
2845 12896 457
2845 15168 402
2847 11986 154
2847 12541 746
2847 14928 1000
2848 12878 872
2852 3007 436
2852 15808 235
2861 2585 583
2861 12562 465
2864 15019 858
2866 602 528
2866 9848 891
2866 17170 824
2868 11957 394
2870 5563 731
2870 18369 180
2875 14403 306
2882 875 662
2884 732 525
2884 2720 94
2887 7684 674
2887 7871 287
2891 12338 529
2894 6924 438
2894 17033 910
2898 451 490
2898 9813 571
2899 5291 852
2899 10895 712
2899 12606 543
2903 12402 799
2905 8084 331
2907 16952 139
2913 18264 340
2914 17636 315
2917 8133 891
2918 3179 242
2920 19148 606
2923 958 794
2925 3502 145
2925 7382 432
2926 1789 959
2927 14544 624
2928 6473 866
2931 16462 938
2934 4126 694
2936 19727 278
2937 7816 758
2942 11389 315
2944 575 523
2944 5628 391
2944 8649 891
2946 17192 258
2949 8055 196
2952 8501 774
2952 11225 770
2952 14075 969
2953 9567 197
2954 16357 142
2955 3156 373
2955 16661 965
2956 3097 945
2958 14344 667
2960 8191 912
2960 19639 842
2964 5803 809
2964 17159 412
2965 19579 391
2969 2428 197
2971 1470 443
2972 13914 802
2973 7844 506
2974 3731 594
2979 16550 71
2979 18165 665
2980 17350 348
3001 10907 453
3002 17083 93
3002 19013 205
3003 6971 559
3003 17927 601
3005 5594 343
3006 18243 93
3007 6285 401
3009 19855 792
3011 12335 334
3012 8583 903
3013 2805 787
3013 14249 889
3014 3681 320
3016 9110 545
3018 761 734
3018 17245 565
3018 19561 138
3021 12462 117
3022 577 632
3026 8559 957
3027 2004 815
3027 13218 215
3028 5060 818
3040 13484 430
3042 4288 69
3042 12744 860
3043 4513 902
3045 6977 619
3046 14616 589
3049 2219 355
3050 10007 759
3054 17795 438
3055 2340 577
3056 18669 344
3057 5675 955
3059 16826 932
3060 3085 488
3061 14349 955
3061 19126 733
3064 6337 83
3067 18329 45
3070 2960 679
3071 17448 980
3072 10231 922
3074 11926 268
3077 16269 303
3079 2605 118
3080 16584 811
3080 16675 315
3085 10144 407
3105 12460 583
3109 1052 760
3111 12880 686
3113 15671 499
3113 17353 688
3114 2703 35
3117 16418 872
3123 11556 478
3125 12647 692
3126 19897 508
3130 2206 244
3133 15962 178
3137 4439 881
3141 9831 318
3147 18728 815
3148 5458 957
3149 13536 375
3150 18281 417
3152 5894 875
3152 12105 530
3154 10291 334
3155 8686 379
3155 18097 347
3157 3461 458
3160 3913 400
3166 7064 70
3167 11746 721
3170 12541 479
3173 1159 972
3174 6993 184
3174 15535 451
3174 17851 865
3176 14051 570
3177 5636 43
3178 10841 373
3179 1520 789
3180 17259 529
3183 2671 124
3185 10644 488
3186 17815 252
3187 14667 335
3189 1425 686
3189 10930 5
3191 12975 966
3192 7174 898
3197 19977 310
3198 3905 348
3198 12706 418
3201 4585 359
3202 14818 70
3203 19701 169
3205 7785 619
3206 10818 302
3206 11354 861
3210 10597 783
3210 12861 457
3212 2736 329
3213 11441 46
3216 17160 79
3218 8600 733
3220 8006 416
3229 11062 429
3230 19047 988
3231 4697 209
3231 18220 502
3234 9411 164
3235 7226 495
3237 2456 537
3237 18895 351
3237 19075 1
3239 14886 485
3240 7707 980
3243 17179 427
3245 9899 679
3245 12969 157
3247 7722 446
3247 18990 185
3248 12211 472
3253 5034 633
3253 9208 49
3255 15524 251
3256 18027 453
3258 287 875
3258 15837 189
3259 11556 650
3264 15164 669
3265 11349 892
3266 567 670
3267 265 889
3268 2146 912
3268 7564 163
3272 19693 694
3274 15143 292
3282 5569 853
3285 1830 488
3286 17013 255
3289 11189 889
3290 2816 211
3290 8081 262
3294 3003 847
3294 13947 359
3294 16682 308
3302 16697 261
3308 5553 984
3310 1322 545
3310 1619 69
3311 8142 375
3311 19354 403
3316 10880 823
3318 18936 252
3324 5866 378
3327 1607 822
3329 13652 293
3337 597 607
3339 2389 974
3340 19213 893
3342 14718 536
3343 15903 396
3346 17123 340
3347 3930 483
3351 13601 466
3353 4007 59
3354 1305 165
3354 16461 602
3355 9040 817
3355 18613 870
3356 10192 818
3356 14062 20
3359 7907 535
3368 16959 376
3373 1558 118
3375 12641 205
3376 14245 441
3376 17845 60
3377 171 397
3377 2696 150
3377 3196 811
3378 8024 73
3379 18227 941
3380 2346 435
3382 13237 804
3385 274 331
3389 1492 113
3389 16117 339
3390 4985 541
3390 6881 551
3390 18639 253
3391 2822 107
3392 9044 757
3393 13761 433
3394 9186 427
3397 8003 763
3398 6360 132
3400 3406 729
3408 17590 559
3410 11771 355
3411 8840 549
3413 1107 443
3413 6387 732
3413 9542 784
3415 7345 171
3418 1197 541
3425 1527 93
3428 18635 238
3429 7641 365
3429 7801 499
3429 9278 495
3430 1753 588
3431 18688 305
3432 7930 63
3436 15931 952
3444 7155 342
3444 19921 572
3446 18644 97
3452 15910 783
3453 6075 93
3458 11555 40
3459 562 864
3462 12692 820
3465 4247 784
3468 10953 643
3474 14148 257
3475 4999 16
3475 6556 527
3476 106 386
3479 7942 787
3479 12190 915
3480 1736 282
3480 9873 877
3480 18424 406
3481 1597 365
3481 12061 605
3484 7606 731
3487 18932 410
3492 1900 295
3494 9940 354
3496 9676 394
3499 3196 542
3503 1536 988
3504 4761 922
3504 16819 579
3505 16805 753
3506 10416 786
3509 1868 48
3514 16289 985
3515 2394 465
3521 5672 376
3524 11090 313
3525 5865 135
3525 13355 691
3526 6356 712
3527 17027 780
3528 19458 902
3529 13719 368
3536 16779 632
3537 18748 134
3539 3753 595
3541 5778 395
3542 11328 943
3544 2994 758
3544 18375 382
3546 14288 743
3547 10124 618
3547 15766 105
3550 12837 262
3551 17500 829
3552 561 801
3552 5031 458
3552 16649 947
3553 9745 560
3554 14767 283
3555 15063 528
3557 1347 613
3558 3906 379
3559 12010 72
3559 12993 230
3560 14120 49
3561 17223 446
3562 6737 176
3563 819 591
3563 19581 158
3565 3103 785
3570 17600 271
3572 17441 691
3573 7359 918
3574 1352 915
3576 8674 210
3578 15578 882
3583 12445 108
3588 2494 672
3589 483 243
3589 6442 467
3594 8482 908
3598 13502 199
3598 13563 570
3599 6735 153
3601 9686 185
3601 10503 726
3602 4891 887
3605 1948 763
3610 15964 964
3614 16531 140
3615 9869 901
3617 7991 501
3618 10027 905
3622 15251 246
3624 19129 600
3625 12919 94
3627 7456 876
3627 11742 767
3630 12799 439
3636 2926 715
3636 10210 185
3636 17580 288
3638 13751 400
3641 11313 649
3645 8643 41
3646 15829 35
3650 10481 144
3652 19075 111
3655 2349 531
3656 5391 844
3657 11951 470
3661 1515 933
3665 573 798
3676 10139 63
3679 14881 503
3679 18958 17
3681 5868 567
3685 1499 991
3689 13683 841
3689 16932 606
3690 5994 12
3691 16508 15
3692 3754 180
3695 16177 677
3697 3111 641
3702 7264 951
3707 5318 84
3707 18314 623
3711 6425 827
3713 13932 249
3717 11014 55
3717 11395 869
3719 247 732
3719 966 328
3719 1999 662
3719 2297 110
3729 10603 65
3729 17919 672
3730 1412 798
3730 17851 373
3732 12813 865
3734 15768 635
3735 17732 185
3742 2985 280
3744 7463 996
3744 19412 856
3746 13983 546
3751 12510 201
3752 3822 985
3756 9550 61
3756 13923 441
3757 3310 537
3758 7754 209
3759 6841 56
3761 14008 929
3765 2809 654
3766 3844 985
3766 10388 539
3769 8518 782
3769 15069 188
3770 4098 453
3771 6467 552
3774 6806 742
3775 19449 848
3776 16000 2
3778 13898 341
3780 15261 457
3789 13834 814
3789 17109 500
3790 4166 643
3792 18497 741
3794 3649 24
3798 5488 743
3799 6435 796
3801 12851 635
3804 9887 778
3804 14743 346
3806 9221 642
3807 6254 273
3810 19944 602
3812 10213 102
3814 7966 123
3815 13937 67
3822 10170 776
3824 18556 510
3829 8307 636
3829 17246 139
3832 12556 244
3842 6384 752
3842 9581 320
3844 6357 868
3850 16232 201
3855 7847 29
3856 14509 614
3860 4580 642
3861 17320 555
3863 3880 775
3864 2658 358
3867 15110 306
3868 4571 409
3872 5882 123
3874 18206 777
3880 7114 96
3881 10613 497
3883 9954 378
3883 14232 948
3884 12745 53
3887 2331 778
3887 14090 566
3888 17886 581
3893 15042 247
3894 2595 374
3897 5062 711
3904 18409 76
3905 7285 310
3910 18391 506
3912 6825 76
3913 11941 529
3915 12126 950
3918 7393 33
3920 5591 697
3922 17827 209
3924 10747 955
3924 19901 846
3925 11981 810
3926 18954 32
3928 5186 988
3931 12 924
3931 19310 932
3934 10695 483
3936 11016 290
3936 17981 110
3938 5530 489
3940 4884 433
3944 11213 131
3944 12751 715
3945 5866 380
3945 13924 959
3945 19820 660
3947 4875 148
3949 2575 829
3949 16227 555
3949 17955 675
3953 9485 810
3953 9733 917
3954 19540 734
3955 3412 989
3957 15751 190
3964 15694 914
3965 12163 402
3967 15639 42
3970 17112 468
3980 5963 986
3982 14947 569
3983 1777 980
3984 2184 699
3986 10665 105
3986 19471 178
3989 19511 181
3990 10526 162
3991 10908 296
3992 17315 912
3993 1370 143
3994 3989 685
3996 3133 924
3996 6790 349
3997 8163 696
4004 6901 669
4005 11821 735
4006 502 473
4008 8760 658
4008 16241 83
4009 11538 568
4011 8653 586
4012 1726 656
4014 3113 560
4015 13943 770
4019 1662 909
4026 15561 899
4028 10063 65
4030 6669 743
4030 17995 539
4031 2005 106
4037 6229 801
4038 15022 147
4041 8759 38
4042 18499 235
4043 3139 294
4043 9635 174
4043 14049 414
4045 5795 205
4048 4398 434
4048 19421 834
4051 890 317
4053 3208 263
4053 13795 194
4054 5678 573
4054 15726 208
4058 19853 658
4063 11864 327
4064 7362 246
4067 9154 212
4070 7107 750
4070 8515 917
4071 6186 342
4072 13255 589
4073 968 373
4073 12333 443
4073 16818 641
4074 13013 818
4076 1088 920
4077 4806 962
4077 11875 882
4080 706 453
4081 8386 677
4083 18609 322
4085 5879 866
4086 2471 705
4086 9300 136
4088 3349 641
4089 1754 887
4090 16997 658
4091 10877 366
4092 13404 160
4093 3831 353
4094 9757 877
4095 7178 598
4095 16636 277
4102 9619 445
4103 2242 713
4105 7078 488
4109 18412 809
4109 19396 542
4110 2471 67
4113 4502 549
4113 10788 946
4120 17826 714
4123 9732 378
4124 10378 776
4127 7357 120
4128 5941 269
4131 511 47
4133 12606 681
4137 1873 300
4140 4326 672
4143 19000 855
4149 4377 803
4150 9111 607
4151 1930 534
4153 17711 500
4154 3174 488
4156 1353 405
4158 16045 832
4161 15039 857
4163 16655 307
4172 17502 498
4173 9709 268
4174 10241 360
4177 102 88
4177 3791 156
4177 17119 681
4179 16836 565
4181 10108 185
4181 11677 814
4185 11322 342
4188 1138 936
4189 14364 951
4191 1301 168
4191 19922 241
4194 12413 139
4196 15661 208
4199 6169 487
4200 8816 428
4208 6334 777
4208 15666 24
4208 15798 148
4216 14350 74
4217 9734 381
4217 15383 895
4217 19727 51
4220 9637 777
4220 16114 61
4221 7863 318
4222 13825 80
4223 10937 671
4225 8879 549
4227 6775 649
4229 1033 708
4229 5767 10
4231 9092 836
4233 17368 744
4236 2438 898
4238 3034 896
4239 3416 826
4241 12326 878
4242 17831 552
4243 10498 958
4248 8207 744
4250 7743 992
4252 8889 324
4256 7510 700
4261 3901 519
4263 12828 426
4266 18599 5
4267 4356 927
4271 8857 814
4274 2652 881
4274 4002 147
4278 18240 754
4282 706 259
4284 9228 922
4288 13460 39
4290 14920 674
4294 1440 399
4295 1941 738
4300 2312 919
4303 4751 636
4305 12376 399
4305 12856 963
4316 552 842
4316 17386 758
4318 584 385
4320 8233 139
4320 16837 610
4320 18626 397
4323 17796 937
4326 17617 794
4329 5155 16
4330 9426 356
4330 11004 166
4333 8085 989
4335 6015 989
4336 4097 108
4337 11215 156
4339 14338 390
4342 3068 103
4347 1227 498
4348 15514 194
4350 10448 868
4351 675 153
4351 18447 662
4352 10507 298
4353 1664 416
4355 10816 230
4358 15638 228
4360 13586 125
4361 9789 76
4363 1970 477
4365 3878 948
4367 3829 103
4367 16557 266
4370 675 95
4375 8521 488
4377 11107 820
4377 11591 990
4379 17240 7
4380 8306 537
4386 17800 540
4388 14142 721
4388 19929 892
4390 128 505
4393 12729 48
4394 524 23
4395 8590 532
4400 3845 19
4401 1640 718
4402 1177 40
4403 11557 818
4411 9405 906
4413 3676 391
4413 19562 325
4415 3474 865
4417 11380 972
4417 18868 271
4419 6718 745
4419 10743 126
4423 10764 41
4423 13900 559
4423 16264 380
4425 4154 110
4425 6192 992
4425 15475 583
4428 3392 620
4428 16009 209
4429 13292 151
4429 16552 344
4431 19098 221
4432 7703 121
4432 10865 73
4433 4367 516
4433 11256 771
4437 5264 370
4437 15515 339
4442 9335 591
4442 13426 179
4447 1536 707
4447 11043 623
4448 3066 408
4448 10868 872
4450 5092 185
4450 19785 286
4455 7345 710
4456 2505 733
4458 10474 732
4458 19814 596
4460 11546 970
4462 8243 258
4469 6294 818
4470 15537 610
4474 18444 689
4475 8733 878
4479 19462 814
4480 19389 535
4482 14702 462
4483 15454 598
4489 14575 538
4493 1373 295
4494 6837 729
4496 12859 425
4498 8142 354
4502 6030 38
4503 26 621
4503 761 626
4503 8695 530
4509 7797 259
4515 5875 836
4516 8618 983
4518 12145 864
4520 10872 957
4520 19405 499
4524 1982 530
4531 8486 199
4532 4677 390
4533 9142 224
4538 11296 40
4540 9521 152
4541 5033 252
4544 2073 844
4546 19066 537
4547 2343 763
4547 11223 788
4547 11367 82
4549 3258 316
4553 7399 822
4556 2668 908
4558 15531 639
4561 4603 909
4566 18629 205
4568 15763 119
4571 1258 750
4573 6672 706
4574 12125 653
4575 4793 713
4576 7594 94
4579 9241 100
4579 16238 798
4579 16343 552
4580 1239 874
4580 2434 357
4583 6435 247
4589 14021 225
4590 12620 252
4595 11999 226
4598 16256 261
4602 8452 611
4602 13823 26
4603 2898 569
4606 8689 290
4608 13645 756
4610 10572 700
4611 5801 468
4615 5796 648
4616 5923 286
4616 7963 544
4617 1994 991
4618 10165 661
4620 6305 427
4624 8678 615
4627 17035 968
4627 17615 466
4628 8802 235
4629 12965 297
4629 13297 694
4631 1745 671
4632 10646 46
4633 3329 676
4633 16831 509
4636 5656 952
4636 5963 848
4638 5573 600
4640 1483 234
4643 3254 806
4645 2821 417
4646 11723 875
4648 7411 224
4650 55 41
4651 18413 699
4654 13458 853
4655 7611 771
4663 7920 319
4664 8414 653
4665 3971 42
4665 9739 708
4668 16531 222
4668 17645 234
4673 16834 432
4676 19304 160
4677 9800 62
4679 4851 528
4682 7768 315
4682 17629 504
4684 13066 220
4688 15189 51
4689 13024 370
4689 19426 739
4692 1894 882
4692 17576 166
4693 15931 164
4696 10598 985
4701 782 136
4706 17853 760
4707 12653 217
4711 883 434
4716 10832 30
4716 15889 20
4718 1006 291
4718 16975 975
4719 11287 656
4719 12585 574
4721 11670 912
4722 18613 624
4725 19131 873
4726 13439 301
4727 4912 397
4728 3315 762
4729 5075 178
4731 4202 594
4731 8522 216
4734 3763 592
4735 5947 697
4736 3077 901
4741 7257 4
4743 7292 339
4745 19978 550
4748 5251 551
4754 14196 379
4754 18536 338
4759 7593 824
4772 1946 29
4773 14395 432
4774 11141 554
4775 18317 140
4776 12744 253
4778 5591 552
4782 17562 727
4783 2432 600
4783 3214 542
4784 8992 816
4786 3354 819
4786 6063 30
4791 9650 968
4796 7895 849
4799 140 980
4801 9622 898
4801 11737 101
4803 2798 951
4805 16604 221
4807 14272 717
4808 17891 753
4809 4719 84
4809 4832 278
4809 18979 115
4811 9212 703
4811 11038 763
4812 13130 918
4814 17389 861
4815 12128 243
4816 15282 417
4816 19937 395
4817 7279 650
4819 15198 999
4820 6543 929
4820 9034 287
4820 10193 32
4823 5424 82
4823 5703 902
4829 9049 399
4831 14946 316
4831 18676 910
4832 8453 415
4835 6154 842
4835 18374 697
4838 12802 828
4838 17316 230
4841 3376 421
4843 18284 132
4845 3278 539
4845 9613 481
4847 2684 490
4848 4545 679
4849 13258 761
4849 15674 807
4853 8872 722
4853 14934 374
4860 12241 983
4860 19543 409
4861 12928 843
4864 18237 240
4865 16646 907
4866 16461 605
4867 1880 809
4867 8814 770
4868 9634 191
4869 432 821
4870 4057 401
4872 19334 877
4874 8287 711
4875 17212 165
4877 1900 741
4877 4416 977
4878 12755 333
4879 2698 828
4879 12586 537
4880 2110 43
4881 3616 965
4884 15786 493
4886 425 470
4886 11820 705
4889 5339 298
4889 12707 288
4889 14348 991
4890 6934 67
4892 4508 485
4894 2299 545
4895 1015 57
4897 2057 541
4897 14077 477
4902 4094 976
4902 4857 121
4903 17124 325
4906 13422 529
4907 2978 334
4917 15362 568
4918 6117 147
4918 8589 78
4922 16538 640
4924 7379 658
4928 16379 442
4929 5306 485
4931 15792 10
4933 15647 527
4936 5235 963
4944 3354 444
4945 5184 844
4945 5555 795
4945 10763 967
4946 3842 234
4951 6067 16
4956 5460 128
4957 7952 456
4957 15941 424
4961 62 105
4961 6969 655
4964 4661 208
4973 13366 340
4976 17878 711
4981 8932 282
4983 3469 697
4984 13665 23
4986 13916 329
4986 14333 373
4987 8920 933
4987 9174 377
4992 9570 242
4993 12131 262
4995 10190 960
4997 2585 925
4997 12074 42
5005 11085 209
5007 19572 367
5008 8504 890
5008 8951 713
5012 16966 761
5013 14041 356
5014 11703 439
5017 10615 926
5018 11429 505
5020 17033 242
5023 19870 444
5025 12595 634
5026 12253 94
5030 7036 30
5032 9785 600
5036 159 582
5042 16330 612
5044 19473 208
5045 1081 163
5046 14183 723
5047 9332 562
5048 19583 88
5052 2226 550
5052 12456 546
5053 3546 185
5056 153 158
5057 15834 887
5060 899 440
5060 10473 772
5060 18302 50
5061 6010 933
5063 561 51
5063 15947 492
5064 7661 864
5067 14151 686
5071 630 497
5073 2599 239
5074 14613 999
5075 16652 630
5079 16514 568
5083 10726 862
5086 7454 868
5088 9062 271
5089 2079 132
5096 7489 978
5102 2747 303
5102 2908 850
5103 4012 638
5103 4656 104
5105 566 660
5105 14444 619
5107 4111 456
5109 7132 145
5110 14631 53
5116 15223 37
5117 8736 560
5122 7680 65
5123 7381 451
5124 12030 257
5126 19433 672
5128 19946 885
5129 2504 979
5133 10960 651
5134 7802 66
5136 1441 620
5139 18717 884
5143 8828 888
5144 6054 431
5144 8960 836
5145 4491 305
5146 10333 567
5150 10930 829
5152 5235 164
5152 19845 477
5154 18222 304
5158 12732 480
5158 14413 716
5160 2707 263
5165 11297 561
5166 12066 867
5166 13890 982
5170 8244 183
5173 3849 460
5173 7324 77
5182 3369 873
5183 165 731
5184 11366 389
5186 16847 442
5189 11238 451
5193 7117 862
5198 13399 149
5199 9909 120
5199 18770 404
5201 2171 81
5202 14807 746
5203 12036 215
5212 1366 901
5212 13304 429
5212 15688 858
5212 17824 917
5214 9918 729
5216 8534 622
5221 7057 433
5227 15351 866
5230 15283 976
5233 11444 798
5238 163 284
5241 1229 642
5243 2249 307
5249 7367 142
5251 18981 496
5252 7340 542
5254 1830 458
5257 5788 212
5257 6836 308
5260 16600 337
5262 1815 438
5263 4079 405
5264 16386 774
5269 3355 405
5269 6956 617
5274 1413 454
5274 17649 954
5275 12362 963
5275 15327 664
5278 9743 324
5284 8944 23
5286 18303 832
5289 14815 95
5289 16556 480
5290 16132 546
5291 8599 126
5295 8978 923
5297 7668 672
5297 9381 299
5299 8034 506
5302 11974 809
5312 1428 613
5313 6433 114
5314 15699 177
5315 13435 302
5316 15315 192
5321 13569 542
5322 416 187
5323 8853 863
5326 390 275
5327 18933 854
5328 7069 150
5330 1212 553
5334 13756 700
5336 17827 832
5338 9417 34
5339 5155 940
5340 3045 962
5344 18373 291
5346 9869 265
5348 5717 599
5349 17007 158
5352 16010 963
5357 2722 75
5358 9181 666
5363 1263 962
5363 18892 910
5364 9883 727
5369 11329 278
5369 12894 207
5370 12289 233
5372 12650 522
5372 16155 431
5372 18176 788
5374 11102 996
5375 3425 594
5377 2367 65
5378 2457 180
5378 12978 117
5379 8541 418
5380 3186 876
5384 5103 23
5384 16094 434
5387 8397 459
5389 19049 344
5391 18266 115
5394 8921 118
5396 10048 734
5397 4179 990
5397 11722 904
5399 19318 353
5406 12470 488
5417 10587 168
5418 10080 358
5419 15696 474
5420 19109 309
5424 12731 524
5425 19655 851
5427 15287 921
5429 6277 231
5436 15014 167
5437 16731 160
5440 8865 539
5443 4084 701
5446 16167 997
5453 11475 230
5453 16584 71
5458 5396 998
5459 18149 432
5459 19543 635
5463 9239 149
5463 16236 115
5465 7603 934
5467 296 806
5468 3487 466
5469 710 975
5472 2198 917
5472 13814 244
5476 19154 838
5477 5135 627
5482 15524 20
5482 18967 442
5483 17689 414
5484 4128 50
5485 13351 432
5487 9231 738
5489 7029 517
5489 18605 954
5490 4790 226
5490 8377 761
5491 13923 268
5496 3785 294
5496 10978 173
5499 12134 781
5501 12692 236
5503 17453 160
5506 5023 996
5506 17180 723
5509 2797 322
5515 4908 423
5516 2880 399
5517 3085 863
5517 11657 458
5517 15757 8
5521 18847 717
5528 14057 762
5529 6224 656
5530 8214 540
5531 6773 543
5531 14453 866
5533 11376 677
5533 16781 23
5536 10539 416
5539 4969 763
5540 16815 540
5542 12742 961
5542 14871 239
5543 6141 884
5545 192 408
5548 14074 633
5551 19650 998
5553 5487 800
5554 14323 864
5562 18076 741
5563 1655 802
5563 4804 11
5563 17252 255
5564 16909 657
5567 16257 345
5571 5709 191
5574 7483 915
5578 7593 65
5580 19488 941
5581 14044 411
5583 6070 548
5585 6483 521
5589 6012 394
5589 11312 440
5590 16677 742
5591 2269 206
5591 7685 193
5595 11743 420
5599 12661 893
5600 12079 149
5600 16459 811
5603 4160 5
5603 7564 184
5603 10018 473
5603 13418 109
5605 19626 931
5606 626 986
5607 3879 951
5611 6486 600
5612 19594 219
5613 2158 267
5613 14504 326
5613 17812 339
5614 493 23
5614 15608 524
5615 3463 584
5615 3843 333
5615 11568 111
5618 2715 634
5618 9339 19
5620 8709 287
5622 6739 728
5627 5884 153
5628 4882 730
5629 2906 900
5634 4440 756
5634 10071 614
5637 8873 897
5637 12286 948
5640 13680 402
5645 4109 862
5647 18172 149
5651 2832 858
5658 8062 683
5658 17215 133
5660 3907 262
5666 4353 131
5667 10424 386
5668 8798 172
5668 18835 592
5669 5555 606
5670 17812 132
5673 14399 385
5675 19233 726
5679 2281 540
5682 16919 447
5683 18746 182
5685 3407 257
5687 6651 233
5693 2495 574
5694 10597 316
5695 13632 860
5699 19754 448
5703 10368 613
5704 10518 420
5705 14145 464
5707 1159 955
5707 15880 575
5709 4092 503
5709 12065 364
5713 3114 574
5716 13997 296
5717 10942 240
5717 17959 560
5720 6864 138
5723 12 95
5723 15093 43
5731 8158 658
5731 17782 329
5735 14075 25
5736 10928 102
5741 16989 47
5743 18221 741
5746 1732 738
5746 8590 114
5748 6222 406
5748 19412 548
5753 11307 373
5755 15027 247
5759 7665 332
5768 16573 935
5771 4077 188
5771 19387 938
5774 301 813
5776 1896 795
5779 8778 204
5780 7675 314
5780 11820 96
5781 13076 247
5782 8969 817
5783 4682 497
5783 14519 375
5787 14958 404
5789 5685 591
5792 5398 807
5792 7838 953
5798 2364 363
5799 2355 432
5800 1655 823
5801 16708 324
5802 15947 141
5805 18340 269
5806 1518 314
5806 19756 771
5809 6035 117
5810 18332 186
5811 3337 410
5812 11894 240
5813 19539 576
5814 7532 718
5814 15231 954
5818 2029 358
5819 6449 352
5819 11741 372
5821 8611 365
5823 12169 86
5824 17230 162
5826 7200 106
5826 18003 395
5827 5692 987
5827 18240 170
5828 5909 597
5831 16272 330
5841 11181 146
5842 12905 972
5843 8963 687
5845 7749 345
5845 12670 758
5848 6192 499
5851 2666 490
5855 1916 988
5855 12333 796
5861 14039 406
5862 2881 771
5863 6604 625
5863 15953 699
5864 16683 986
5864 18676 844
5865 16562 305
5868 4354 259
5869 3550 433
5869 15434 945
5870 2550 43
5871 19866 616
5875 295 839
5877 3598 310
5886 1590 583
5886 4056 801
5887 9156 906
5892 8379 271
5892 17952 148
5897 1352 439
5899 11279 121
5899 18422 691
5900 6203 958
5900 18171 501
5906 5596 522
5909 15007 563
5910 6277 695
5912 13422 875
5913 138 669
5914 17871 752
5916 8243 623
5916 11622 971
5916 15840 21
5919 9868 747
5920 2975 338
5921 11334 309
5922 2217 574
5923 2105 157
5923 5603 560
5923 8592 165
5925 1262 859
5927 4216 361
5928 12960 195
5929 2514 328
5929 19076 975
5930 13026 768
5933 14271 811
5934 10802 838
5937 17124 936
5943 2705 700
5946 7154 611
5950 7492 227
5955 18368 14
5958 15376 984
5959 730 499
5960 1621 97
5960 14134 9
5966 80 713
5966 4034 170
5969 1641 960
5971 18106 866
5972 4208 364
5972 16293 492
5974 4957 116
5975 6941 421
5977 12766 146
5987 12294 845
5987 13904 550
5988 4968 352
5990 4671 422
5991 18589 489
5992 11531 963
5996 4012 856
5997 19480 857
6000 13945 3
6000 14301 860
6001 14447 171
6004 19989 683
6005 6681 544
6008 369 303
6010 19102 577
6011 13903 412
6011 15711 983
6012 14762 531
6014 11008 425
6014 16586 108
6016 17311 353
6018 17298 478
6019 19009 223
6021 5188 905
6023 15299 567
6028 5813 453
6029 3045 338
6029 14229 791
6030 19940 828
6033 1067 545
6038 10234 842
6040 6372 414
6042 1341 10
6045 16805 997
6058 9655 162
6059 443 976
6059 3548 420
6059 15719 913
6060 7690 171
6061 5545 738
6063 7585 363
6063 10870 117
6063 18676 316
6066 5948 271
6068 5271 50
6072 19932 911
6079 15574 94
6082 3367 297
6084 17695 649
6086 5287 853
6087 10834 327
6088 6551 886
6089 437 827
6095 13312 497
6096 1353 357
6097 10633 313
6101 8910 436
6101 15672 965
6102 17403 578
6103 3494 62
6105 6776 245
6111 11496 815
6114 516 594
6114 16218 616
6115 9597 301
6115 12034 997
6116 3985 954
6116 8296 209
6117 13673 350
6118 15922 791
6119 14534 2
6120 7262 786
6122 14178 810
6123 16159 85
6123 16215 251
6126 8912 786
6128 10205 161
6130 5960 553
6134 18937 730
6141 12418 318
6143 13651 969
6148 6756 286
6152 16241 669
6157 5209 727
6159 15958 275
6159 19169 646
6160 1320 25
6160 7781 626
6162 13969 511
6170 1954 712
6170 11516 736
6170 14748 250
6170 19096 562
6172 9257 544
6175 13770 654
6182 1303 20
6183 1248 268
6183 4440 359
6184 41 494
6185 14240 956
6187 12566 90
6192 4870 550
6200 1256 685
6207 18821 47
6209 10157 590
6211 9836 697
6212 723 554
6214 14004 792
6214 16789 977
6220 9229 222
6220 18393 739
6224 9197 861
6224 15009 752
6228 13134 62
6232 6851 179
6232 18855 450
6233 11396 789
6233 14409 646
6233 17328 7
6239 11096 658
6241 12954 643
6242 3777 120
6245 10814 653
6247 10705 591
6247 11689 984
6250 8194 51
6253 5824 168
6254 14808 576
6255 16667 114
6257 13407 146
6259 13869 151
6261 3254 5
6262 1070 366
6263 1253 289
6263 8639 309
6265 15171 763
6267 10771 758
6274 15826 11
6277 12178 503
6278 8952 122
6283 2094 985
6283 7644 733
6286 19694 533
6290 15392 324
6292 18696 382
6296 3411 662
6296 3742 813
6297 9284 2
6297 11505 962
6297 14763 478
6300 5417 187
6303 3819 693
6304 17456 193
6306 6660 188
6309 4698 482
6309 5888 785
6309 7577 70
6309 10978 252
6313 15783 52
6316 8796 113
6316 10814 261
6316 11325 504
6317 10736 912
6317 15288 160
6317 15747 975
6322 18310 16
6326 583 879
6330 916 451
6332 7021 84
6332 7230 519
6332 18936 824
6333 3833 651
6333 4579 634
6335 3254 698
6335 14192 387
6345 702 658
6345 5738 275
6347 10602 501
6348 10699 869
6354 9600 714
6361 1023 360
6366 13473 369
6371 18898 115
6373 11525 369
6381 16030 121
6382 9802 637
6383 14984 273
6384 7689 83
6386 9662 792
6387 6825 345
6390 5888 345
6392 710 79
6393 7879 790
6394 19618 457
6398 11064 197
6398 11473 825
6400 7143 745
6403 16521 348
6405 9618 959
6406 2053 575
6406 2563 388
6407 1040 704
6410 7539 487
6414 18871 197
6415 9478 134
6416 15013 114
6418 1319 8
6420 18358 847
6421 15645 146
6424 1719 642
6424 8413 27
6426 2371 511
6431 4388 847
6434 1478 676
6434 11904 527
6438 5122 266
6438 15021 521
6441 9093 851
6443 8881 939
6443 11660 906
6444 5691 858
6444 6706 646
6444 15439 410
6446 4498 928
6448 602 886
6449 16411 835
6450 6292 605
6450 18498 510
6452 11975 214
6453 12725 363
6455 6133 311
6455 14124 91
6457 5105 571
6462 7519 423
6463 834 719
6467 555 193
6472 7456 47
6472 14732 690
6473 1485 143
6475 16437 806
6478 12224 774
6480 16385 554
6482 4968 436
6485 2545 336
6485 5928 651
6485 10741 945
6485 14759 562
6487 11107 605
6488 8402 726
6492 10466 22
6497 16659 254
6498 3750 187
6498 18516 600
6499 2304 418
6501 9788 399
6501 14892 728
6502 10436 474
6505 14229 37
6507 5060 697
6508 9185 233
6509 92 693
6510 5011 815
6515 8707 883
6516 7238 445
6516 15451 824
6519 2688 1
6519 19169 782
6521 18565 334
6523 4353 122
6525 14666 75
6528 9481 840
6530 11548 289
6532 14828 690
6532 17167 855
6535 11746 753
6542 977 793
6542 10561 936
6544 5939 926
6544 6374 520
6545 6591 489
6546 18023 303
6550 2853 746
6555 13790 107
6556 16047 635
6557 5496 695
6559 9734 785
6561 11020 687
6563 3437 40
6563 19011 77
6565 15984 684
6565 19074 917
6568 4905 853
6569 2689 404
6569 10172 995
6569 16893 181
6575 7340 265
6579 18081 600
6582 526 526
6585 17335 807
6585 19834 364
6586 463 68
6596 9067 632
6596 17778 416
6597 4744 644
6597 13813 828
6598 17983 972
6601 3771 238
6602 19089 806
6606 10178 20
6606 10724 836
6612 4029 956
6618 15265 839
6619 7555 815
6621 14386 223
6622 8496 515
6624 3059 877
6625 19869 839
6626 12025 19
6635 343 6
6637 19246 635
6637 19969 399
6638 1114 99
6639 2 755
6641 18047 312
6642 9391 773
6643 3002 744
6644 18981 926
6645 16948 108
6651 18344 246
6657 12920 853
6658 6430 709
6658 13606 256
6663 1994 745
6665 8026 655
6674 11303 500
6676 6331 180
6677 15846 600
6678 3349 345
6681 18257 917
6685 9798 712
6686 16100 664
6688 3277 680
6688 17683 837
6690 10053 438
6690 13742 587
6691 6188 21
6698 14430 670
6704 555 326
6708 19111 662
6709 10978 250
6712 16335 477
6712 18233 739
6713 1390 333
6713 3308 211
6718 5992 719
6718 16688 993
6719 19161 345
6723 17760 947
6726 5812 56
6728 9482 801
6731 5744 621
6732 13555 703
6736 13816 396
6737 11628 586
6738 12899 873
6739 6533 745
6739 7792 78
6741 15494 925
6746 15066 453
6746 17713 314
6747 4719 956
6747 17652 70
6751 17270 821
6752 5383 871
6752 9347 599
6753 7752 608
6753 10623 388
6755 5924 128
6756 3153 80
6757 10412 97
6757 14208 942
6760 10450 484
6762 3300 21
6763 2391 810
6764 19178 370
6766 11013 458
6768 2522 564
6768 4786 223
6768 5631 386
6772 3463 999
6773 1775 766
6778 11655 537
6779 11103 904
6779 12959 792
6780 3207 885
6780 18942 999
6783 7490 228
6785 13438 254
6791 11462 26
6791 11885 9
6793 620 198
6793 5654 213
6794 16981 277
6797 7364 742
6797 7392 379
6802 8987 644
6803 12164 623
6805 10401 89
6808 17490 955
6810 15803 21
6812 3894 790
6813 15779 896
6815 5510 664
6816 7330 258
6816 7459 579
6818 8735 181
6818 16271 749
6818 16969 600
6821 19562 859
6821 19592 298
6824 15409 62
6827 111 158
6833 4058 714
6834 4002 392
6839 12979 496
6843 5040 883
6844 12732 507
6850 17803 886
6853 4858 868
6853 11639 11
6853 11945 894
6858 10995 804
6865 16468 838
6866 2149 32
6867 6940 680
6868 3755 595
6868 5811 216
6868 7728 312
6873 4743 410
6881 1781 422
6882 14792 310
6884 12917 951
6886 19654 375
6889 12443 636
6894 445 22
6894 18820 92
6896 1503 361
6899 17895 180
6902 283 89
6904 15370 308
6911 1268 86
6913 14311 404
6915 2488 444
6919 1336 863
6919 7687 720
6919 9769 525
6926 17551 74
6926 18226 33
6927 9001 258
6935 13448 369
6936 1018 908
6936 18852 362
6938 1281 672
6939 8812 569
6940 8736 873
6943 669 126
6943 16280 479
6944 3156 302
6944 8746 917
6947 1904 412
6947 19420 757
6948 12852 892
6953 17397 85
6954 626 749
6956 15299 154
6956 16043 549
6957 9332 564
6957 14839 186
6957 16521 7
6958 19044 167
6959 19664 214
6960 5261 45
6962 4332 495
6965 5868 192
6967 3883 354
6973 10285 310
6975 9719 875
6980 9606 265
6981 18724 776
6982 13892 91
6983 402 339
6983 11475 751
6990 1894 100
6994 5735 330
6995 19158 270
6996 12561 184
7000 13022 198
7004 16529 185
7005 18408 174
7006 5428 608
7011 14441 545
7012 11717 777
7014 6165 8
7015 526 153
7017 3073 231
7024 2559 524
7025 14091 367
7026 1083 348
7030 19486 511
7032 15196 808
7035 3922 756
7039 16241 911
7041 4449 7
7045 12722 238
7045 17661 489
7047 4196 902
7048 2104 592
7050 6685 690
7052 9812 318
7053 17068 491
7055 16871 779
7056 650 590
7056 14255 300
7057 6942 960
7057 14337 611
7062 15065 789
7066 4458 948
7070 13588 638
7070 17232 550
7077 310 706
7078 7438 18
7084 802 976
7085 14679 670
7090 3145 160
7090 9487 592
7093 3777 88
7098 6514 457
7100 4843 911
7103 11577 238
7105 11934 228
7108 5685 939
7110 4958 563
7111 9393 318
7113 8408 224
7114 3029 240
7117 10725 665
7118 7766 940
7120 8422 899
7123 13784 680
7123 16869 908
7130 574 812
7130 9614 333
7133 18756 93
7133 18825 811
7139 13458 524
7139 18343 747
7139 19942 46
7140 14575 543
7141 1325 22
7143 12011 980
7144 3364 870
7146 9704 329
7149 18204 555
7149 18990 368
7149 19096 825
7151 3497 358
7155 14567 958
7156 8018 461
7157 6803 661
7158 10971 720
7165 5468 584
7165 13498 697
7166 29 969
7169 2187 589
7169 11962 445
7169 11969 247
7170 7763 302
7171 1816 657
7172 3955 680
7173 17527 559
7177 13270 761
7180 67 422
7180 19242 188
7182 6311 902
7183 809 900
7183 5292 682
7184 17922 276
7186 18506 183
7187 10319 35
7189 14155 18
7189 18562 697
7193 7853 545
7193 16852 414
7195 14194 790
7198 4641 903
7199 17322 885
7205 4580 669
7205 16334 94
7206 1388 374
7209 18809 257
7211 14620 760
7214 4452 552
7214 18046 869
7217 2989 396
7219 5102 80
7219 7586 660
7220 3490 9
7220 5854 323
7224 6680 933
7227 9680 898
7228 1636 717
7231 19294 699
7234 12767 819
7234 13883 438
7242 4931 664
7243 14870 139
7244 13714 530
7245 5377 999
7245 7878 165
7251 8488 200
7251 12112 668
7259 3083 171
7260 18285 850
7266 9191 175
7270 2209 569
7270 6502 714
7270 9844 691
7270 18395 273
7272 6761 441
7275 1829 731
7278 3453 720
7279 18013 548
7279 18248 915
7281 10436 536
7282 8216 561
7282 8930 214
7286 12186 174
7287 5739 152
7289 12826 558
7289 14149 233
7294 6055 736
7296 518 36
7296 8803 375
7296 17700 624
7301 10329 535
7301 11200 949
7303 3861 615
7305 18526 57
7306 13929 810
7308 2817 914
7316 16356 461
7318 18972 552
7321 13470 100
7322 19170 697
7325 10183 836
7326 12024 44
7332 2722 920
7333 587 28
7333 14901 415
7334 9482 271
7335 4871 504
7337 10511 440
7341 3889 526
7341 6629 131
7345 55 674
7347 15621 144
7351 11407 961
7351 14638 34
7351 15742 981
7354 2867 786
7354 10744 921
7355 18108 623
7359 18987 632
7362 17746 949
7364 16875 876
7365 7024 654
7365 13831 957
7366 8093 554
7367 2499 800
7367 8736 339
7370 790 665
7370 8955 25
7371 18215 776
7373 7631 705
7378 3370 581
7386 5323 132
7389 4905 818
7390 6682 466
7390 14100 19
7393 6226 565
7395 1451 430
7398 1303 358
7402 10820 452
7406 9488 878
7408 8425 813
7408 18792 269
7409 9338 624
7409 17167 446
7416 4041 582
7416 5589 579
7416 17624 587
7417 17943 589
7419 7087 166
7420 10712 663
7420 19849 618
7421 2304 830
7423 8705 993
7425 7649 717
7427 1947 125
7430 19172 448
7431 6659 506
7434 13620 864
7435 12714 600
7436 6527 849
7436 7808 902
7436 13023 453
7439 10233 635
7444 9184 767
7447 12504 893
7448 8409 864
7450 12435 867
7457 927 185
7457 2785 865
7459 17842 223
7461 15240 641
7462 8878 837
7463 4653 227
7464 17528 660
7465 1768 300
7467 14558 488
7473 6926 272
7474 2057 443
7475 14647 500
7478 3685 558
7481 1982 195
7481 18967 282
7484 6542 559
7484 16489 339
7488 17586 958
7497 19399 723
7500 6808 592
7503 9662 796
7504 15402 897
7506 16155 627
7506 18080 137
7507 7423 79
7507 11532 272
7508 4986 455
7508 17009 426
7514 7996 495
7515 3921 331
7516 6187 816
7516 11099 850
7517 7532 917
7519 14736 373
7520 970 84
7524 9176 324
7524 10159 193
7528 2588 381
7531 2151 880
7532 3678 249
7536 3264 178
7537 1384 821
7537 4090 666
7539 5144 92
7540 8870 720
7542 12650 721
7545 12382 292
7546 3317 812
7546 12908 651
7548 4111 6
7548 5724 696
7548 6702 149
7552 12003 39
7557 3378 143
7557 9435 652
7564 14173 747
7564 18885 299
7565 18310 493
7568 13924 980
7570 13723 691
7574 16477 462
7575 16090 4
7576 19689 559
7579 8611 665
7580 3042 970
7588 4781 46
7591 3997 335
7597 8141 318
7598 13106 472
7598 17035 477
7599 8002 869
7599 15876 355
7600 11163 878
7605 5707 60
7606 11839 459
7609 14482 931
7609 16817 427
7612 5953 904
7615 5103 547
7615 17313 389
7623 5992 354
7623 9423 825
7623 16569 786
7626 10175 983
7639 16524 312
7646 3892 208
7647 5556 92
7653 313 343
7653 9572 224
7655 13101 80
7657 19160 50
7662 6574 112
7664 8836 22
7668 19336 41
7670 17729 408
7672 17158 711
7673 7180 495
7674 17444 881
7676 6726 545
7676 16871 741
7677 10684 226
7679 11243 757
7680 5160 767
7684 14744 94
7686 10545 107
7688 5290 746
7689 3119 952
7691 15874 440
7692 4622 212
7693 7499 453
7699 2686 77
7699 9561 158
7700 10871 823
7708 12143 338
7712 10164 53
7714 1217 448
7715 2597 263
7715 9122 369
7716 19180 478
7718 2470 566
7720 14522 769
7723 5796 362
7725 10681 92
7730 139 296
7736 11055 878
7738 4522 853
7739 11714 231
7743 16531 300
7745 6334 127
7746 4205 356
7748 6845 900
7749 12544 932
7750 7870 951
7750 14018 470
7753 17444 434
7756 1867 984
7756 5824 629
7756 13222 306
7758 12666 473
7758 16939 437
7762 17599 692
7767 13678 990
7769 7108 981
7769 9617 773
7773 8510 673
7774 10515 130
7774 18563 134
7781 3506 215
7782 14795 373
7787 19873 234
7789 4016 1000
7790 1295 461
7791 2809 381
7792 2043 168
7792 13589 202
7795 957 601
7803 18939 930
7804 3660 176
7804 16168 857
7808 15627 432
7812 1370 29
7812 1981 762
7816 15138 297
7817 1648 873
7821 18195 421
7823 9089 801
7824 4583 238
7829 5447 918
7832 14322 81
7833 6540 343
7839 17152 62
7840 12973 366
7842 3940 422
7842 4308 217
7846 6046 696
7848 5354 815
7849 13903 372
7851 3551 148
7851 12567 368
7854 7850 218
7855 289 359
7857 14226 27
7861 1509 828
7861 6631 326
7861 8717 640
7865 15871 421
7866 4101 850
7870 3609 273
7873 5487 646
7874 3553 50
7874 9530 403
7874 14094 181
7874 19884 739
7877 17633 465
7881 9037 696
7883 16496 653
7883 18217 587
7886 13710 37
7889 3012 823
7889 19218 64
7893 1938 740
7893 14695 268
7896 7344 840
7896 9389 834
7896 10081 32
7897 3797 324
7898 17120 938
7901 11690 649
7908 6052 496
7909 157 659
7909 9337 484
7910 860 932
7913 12652 33
7915 14704 884
7917 9780 957
7927 495 527
7927 826 260
7928 5042 66
7930 1512 385
7934 6891 918
7942 4804 578
7944 6058 409
7946 8684 976
7947 8040 359
7948 4178 380
7952 12682 230
7956 11072 654
7960 634 860
7962 11406 958
7965 18555 740
7969 4202 972
7970 797 356
7971 12645 407
7974 6154 665
7975 1688 236
7975 8480 751
7982 7204 546
7982 18374 282
7986 4028 371
7987 16298 322
7987 18609 425
7987 18900 55
7992 1122 356
7993 2644 869
7994 3402 387
7996 9125 630
7996 15691 305
7998 2981 591
7998 12900 204
7999 6735 93
8000 16251 241
8013 7434 777
8014 15730 285
8017 3357 471
8017 16503 985
8022 7597 71
8023 1850 45
8025 9184 491
8025 9879 262
8028 620 138
8031 9629 187
8039 8954 322
8043 5798 568
8043 15447 477
8044 18035 611
8045 1734 320
8047 17832 178
8052 5547 818
8052 9785 607
8056 931 843
8057 8161 349
8058 17710 547
8066 4633 90
8067 4418 149
8067 6385 311
8068 9320 808
8068 16720 921
8073 4087 675
8073 12835 616
8075 8593 907
8077 2069 147
8078 6467 232
8086 6016 558
8086 9656 282
8092 6461 826
8092 11771 416
8094 2794 436
8098 1535 424
8100 2216 90
8100 4990 201
8100 19078 20
8101 2923 973
8101 9746 532
8103 4422 396
8104 17933 349
8105 13084 51
8106 1813 65
8108 2350 509
8108 17884 587
8110 4946 395
8111 14430 886
8115 13471 692
8117 14395 691
8124 5095 256
8126 3770 746
8128 17821 570
8131 14379 165
8134 14059 290
8136 12280 845
8136 17739 176
8139 1699 711
8140 5043 304
8140 17971 441
8142 19979 432
8144 4585 370
8145 5004 896
8147 16407 507
8149 18637 578
8150 7258 165
8152 13302 780
8156 17081 308
8158 7958 334
8160 13128 975
8164 11615 837
8169 4179 197
8169 8327 776
8172 4585 672
8173 531 675
8175 9676 527
8178 10288 200
8180 15086 843
8181 3481 448
8182 10669 591
8182 11598 178
8191 9089 63
8193 2761 457
8193 17921 430
8194 4984 478
8194 9036 614
8194 12029 52
8197 3037 676
8200 18795 133
8202 33 236
8203 12786 548
8204 17598 344
8206 8657 83
8208 13051 593
8208 17918 209
8209 261 871
8209 10922 86
8214 1678 878
8226 2020 199
8226 12076 230
8228 5955 548
8229 15153 184
8229 15441 949
8234 1348 63
8236 10046 158
8236 11002 623
8238 18475 41
8239 5978 942
8240 5085 881
8242 18039 665
8246 2840 760
8247 851 523
8249 14415 387
8251 12649 958
8251 19584 314
8253 10421 613
8254 6001 270
8256 10425 719
8257 3624 429
8257 4081 146
8257 4942 761
8259 389 295
8260 17294 142
8264 1270 409
8268 9003 803
8268 14903 330
8273 4561 745
8273 5439 730
8277 611 493
8278 3023 706
8283 17217 259
8287 8697 31
8295 2905 998
8295 6283 364
8295 11509 617
8298 10773 21
8300 4978 172
8302 5893 816
8303 1891 293
8307 18155 223
8308 10633 109
8308 12701 252
8314 15354 573
8315 804 882
8315 9463 855
8323 17047 811
8327 474 195
8328 6414 679
8330 2389 889
8330 3746 90
8330 17761 722
8334 1726 221
8335 4188 768
8337 13892 360
8338 8833 401
8339 341 448
8339 10495 16
8339 16090 707
8342 3226 274
8343 8940 571
8347 12037 434
8350 16426 199
8357 7346 808
8357 12122 979
8361 12133 242
8362 10136 301
8363 1554 456
8363 2880 764
8368 12364 380
8368 17660 96
8373 13697 650
8373 19838 97
8377 1223 461
8377 1330 751
8377 6913 98
8377 9577 670
8383 2465 673
8383 8696 448
8383 17589 866
8386 752 847
8389 10349 603
8389 17764 66
8390 13558 90
8392 17267 769
8394 8211 921
8400 2216 325
8400 2343 358
8401 1242 798
8401 5555 780
8401 19373 248
8403 13401 74
8405 871 289
8405 17534 309
8408 3219 967
8410 11741 502
8412 1959 703
8414 18432 17
8416 883 756
8417 12837 420
8418 5932 915
8418 7730 972
8420 14758 679
8422 9139 993
8423 14997 25
8424 8175 591
8425 9936 514
8426 11727 140
8429 13253 535
8431 7682 693
8431 9719 744
8433 11413 837
8433 12954 442
8437 5076 787
8437 10622 597
8439 6578 825
8439 10911 222
8440 3171 78
8442 12727 689
8444 10449 149
8446 19345 322
8447 8562 509
8448 15951 943
8449 9844 37
8451 4945 305
8451 8710 765
8451 16638 34
8452 2760 342
8452 16616 341
8453 4198 803
8454 15219 275
8455 14999 221
8457 13727 1000
8459 14135 62
8468 14848 165
8468 16191 119
8469 10169 874
8471 19106 370
8472 2454 119
8472 9581 493
8473 57 988
8474 1555 158
8474 8168 868
8474 16876 384
8476 17760 954
8478 17000 669
8479 8558 440
8483 9241 943
8486 161 600
8488 12694 978
8490 429 849
8490 4577 21
8496 17708 827
8498 2068 95
8499 6400 622
8503 6691 883
8506 3014 603
8512 2337 70
8512 4950 645
8512 9032 35
8513 16371 634
8514 11373 907
8515 1199 270
8515 14624 629
8519 13994 659
8522 590 118
8522 18734 569
8527 5220 798
8529 17892 553
8530 4819 729
8532 16784 140
8534 4969 542
8534 12013 296
8535 1486 902
8540 12892 470
8544 19845 573
8546 8596 93
8549 18136 510
8552 5730 716
8554 7491 768
8554 7784 314
8558 19647 80
8560 3348 358
8566 16198 99
8566 17722 734
8573 1802 613
8577 9807 457
8579 53 844
8579 13158 447
8581 6717 697
8582 13237 965
8587 5926 419
8588 1932 40
8589 9063 115
8590 7726 706
8590 12934 172
8594 1147 134
8594 8314 137
8595 9371 210
8596 11082 597
8599 11581 951
8601 4059 245
8601 9685 360
8601 13969 155
8602 11791 416
8603 2257 771
8603 16302 732
8604 4334 591
8609 10955 994
8610 7771 265
8611 9568 323
8611 18448 468
8613 3478 935
8613 16735 818
8615 8653 460
8616 4624 713
8617 18069 113
8618 8149 242
8619 4234 549
8624 11538 948
8625 1901 863
8627 14597 855
8629 1155 477
8630 233 611
8632 3490 162
8640 11649 612
8641 15959 786
8649 9012 169
8653 1957 129
8653 18100 980
8655 6060 222
8660 12917 644
8662 3887 893
8663 16777 329
8665 3423 842
8665 7245 87
8665 14924 539
8667 5271 663
8670 680 114
8670 14737 829
8672 9417 3
8673 13448 936
8675 3092 59
8675 5406 58
8678 3057 964
8679 515 421
8682 11969 617
8683 13521 909
8684 6957 470
8685 19900 876
8686 11966 313
8688 16427 305
8695 5116 991
8696 1881 47
8697 9863 796
8699 4232 209
8699 8215 940
8699 9920 861
8700 8274 121
8701 2512 628
8703 10087 79
8707 5025 461
8714 17890 486
8716 8477 754
8717 17623 859
8720 3745 517
8720 5972 116
8720 11653 559
8720 14093 114
8721 10857 108
8722 5800 979
8723 16810 800
8731 8721 452
8733 4151 135
8735 11461 111
8735 18287 275
8737 8083 725
8739 11980 639
8743 3226 502
8743 15335 948
8744 18735 975
8745 11356 749
8745 12389 376
8746 14049 903
8752 11505 351
8753 8170 711
8759 4837 331
8760 6372 768
8762 459 314
8762 948 898
8762 13333 299
8763 15829 828
8765 4465 231
8765 12668 554
8766 17212 13
8767 3704 706
8767 14596 359
8771 13805 679
8772 19838 559
8773 5233 445
8778 10273 654
8780 11165 310
8781 19431 155
8782 3540 837
8785 15517 798
8786 6428 464
8786 17758 187
8791 19524 610
8795 2339 326
8795 2350 122
8796 5632 81
8800 1540 680
8801 14960 80
8804 10576 899
8809 1607 699
8811 536 484
8811 10801 580
8812 472 680
8812 15773 505
8813 5254 690
8813 19340 985
8815 1345 919
8815 2612 892
8817 17706 723
8820 10775 688
8820 16439 599
8821 4391 825
8823 12091 481
8827 683 504
8829 6345 325
8830 8576 635
8830 11091 910
8831 2078 177
8833 13715 52
8835 8611 494
8836 9857 438
8837 1839 696
8838 5610 681
8843 14707 836
8844 17282 286
8845 10391 267
8852 12100 556
8858 14385 134
8862 4874 661
8862 7394 491
8866 7299 632
8869 3378 352
8869 13005 458
8870 5042 43
8873 16269 694
8876 8140 19
8882 13106 590
8883 16296 336
8888 15059 972
8889 1246 15
8895 15117 897
8896 1586 772
8897 3299 231
8899 12004 81
8901 2881 548
8903 9877 578
8904 17581 547
8905 16748 147
8911 135 666
8913 12850 815
8917 8024 263
8922 19765 328
8926 13506 747
8931 778 81
8931 11439 269
8932 6877 178
8935 3642 126
8937 18737 75
8939 9644 507
8941 2081 679
8941 19286 419
8942 335 109
8944 6526 647
8946 13003 161
8947 11040 260
8949 14225 155
8949 15523 466
8951 14724 748
8954 6588 254
8956 8592 660
8957 14649 778
8963 8812 241
8964 4963 975
8966 18069 584
8976 8070 403
8976 19128 440
8977 8382 345
8977 15741 107
8977 15794 860
8985 9329 772
8987 6291 426
8991 11022 656
8991 16736 911
8999 1172 155
9004 1027 930
9005 156 182
9007 903 531
9009 18400 726
9011 6362 865
9012 4519 950
9012 12580 744
9014 7542 794
9016 11627 817
9017 5262 183
9018 6492 853
9019 8199 841
9026 3666 407
9026 8020 780
9031 3236 880
9032 1875 93
9032 19716 738
9035 7164 198
9035 12144 863
9037 5176 72
9037 6854 51
9038 11112 426
9038 15744 500
9040 6770 463
9042 9513 411
9045 3310 197
9045 7420 247
9050 13817 110
9052 2153 894
9052 12483 692
9058 7818 28
9058 10033 377
9060 11930 764
9063 2450 387
9068 5403 367
9069 6440 899
9069 9630 361
9070 2720 499
9071 1387 117
9073 2404 959
9073 8043 73
9077 1744 919
9078 1846 360
9078 3062 497
9078 18338 940
9079 11960 543
9083 12412 745
9088 17212 454
9094 2546 346
9094 16956 293
9095 16929 104
9098 1139 801
9105 1079 248
9105 5276 100
9105 6251 756
9106 13411 691
9106 19930 143
9107 13362 97
9109 8615 424
9111 8627 432
9115 9472 549
9115 19366 86
9116 14364 984
9118 8695 966
9118 17664 716
9123 13038 137
9124 5549 617
9127 1443 533
9130 5540 492
9134 19197 495
9136 10526 807
9141 3424 558
9141 4214 483
9141 9157 855
9142 1861 532
9145 2955 450
9150 4586 246
9150 18100 230
9152 5867 310
9160 4812 599
9162 814 922
9164 5116 682
9165 2194 668
9165 11916 859
9166 3706 808
9167 9953 689
9168 537 978
9169 13871 215
9173 3220 932
9175 200 763
9177 2452 107
9178 5158 165
9180 5287 424
9181 11686 819
9182 19052 555
9184 10528 383
9184 14393 588
9185 186 977
9191 14001 937
9195 13229 107
9202 10370 111
9202 17616 269
9204 13404 416
9205 15873 481
9207 7869 223
9209 10939 410
9210 12366 422
9212 11132 969
9213 3339 484
9219 3676 17
9224 19085 308
9227 8429 425
9228 2544 841
9229 16878 597
9234 3874 777
9236 15658 625
9238 9096 316
9243 7917 252
9243 9961 58
9243 15302 654
9247 16838 872
9248 11071 626
9254 17540 801
9262 16475 687
9265 13601 327
9266 18691 165
9275 15088 540
9275 17227 786
9277 4086 433
9280 14079 601
9281 12053 424
9282 4194 494
9284 858 73
9284 8412 445
9285 9591 283
9288 18975 162
9290 7120 772
9290 7984 948
9290 14898 969
9291 1924 613
9291 11158 996
9295 14266 558
9295 14286 677
9296 11975 18
9298 16477 214
9299 18440 366
9305 11100 404
9306 9551 602
9307 18800 428
9310 14643 302
9312 3660 650
9316 3174 496
9317 18966 29
9318 13637 438
9321 13445 680
9322 2934 691
9323 11549 171
9324 15660 823
9331 7181 630
9331 11512 494
9333 16797 567
9334 16298 717
9335 10790 337
9339 18518 28
9343 5742 894
9346 7705 287
9346 17064 297
9361 8962 329
9361 17642 412
9363 15267 679
9363 19478 45
9367 6573 779
9367 17428 677
9368 4838 583
9369 18840 642
9371 4429 622
9375 13339 756
9376 3872 598
9376 7942 79
9379 15878 677
9384 1948 520
9386 12299 741
9388 6121 835
9393 2089 476
9393 8015 735
9394 4277 484
9396 6805 742
9396 18786 918
9397 6092 893
9398 11340 274
9401 10136 701
9402 8228 904
9403 3050 488
9403 14978 213
9404 16858 437
9405 829 310
9408 16257 519
9412 16235 70
9413 6113 611
9418 13743 768
9420 239 704
9421 11586 642
9424 4319 870
9425 13313 237
9426 18830 531
9427 12564 677
9428 5165 260
9429 15475 128
9430 10449 553
9434 8600 48
9435 4894 714
9435 12553 135
9435 14212 348
9438 12827 486
9440 3582 818
9440 8128 65
9442 2135 674
9442 19478 878
9449 4498 908
9452 2165 900
9452 5366 792
9452 14332 135
9453 268 672
9456 19878 424
9457 16690 550
9458 12318 590
9458 19081 679
9462 10418 657
9466 16919 924
9471 4694 724
9471 6101 375
9472 17239 16
9473 2309 558
9475 10711 394
9476 2024 212
9476 8184 270
9481 19149 952
9482 14106 200
9485 442 800
9485 668 595
9485 2635 129
9486 16665 558
9487 16160 939
9490 14502 470
9494 967 170
9494 2068 955
9496 10021 793
9498 7448 595
9498 8343 655
9505 15022 762
9508 16449 1000
9509 1674 111
9512 9040 114
9513 17043 631
9515 15001 935
9516 12359 401
9517 8819 549
9521 15398 893
9521 19453 27
9524 16330 556
9525 11439 689
9531 18955 266
9532 11505 697
9533 10613 486
9535 4821 5
9536 2048 640
9537 8607 423
9540 2231 833
9540 14350 845
9541 11555 261
9541 12302 833
9545 5549 984
9545 10639 107
9547 19820 774
9549 10097 992
9550 17933 182
9556 14235 761
9556 16623 304
9559 844 706
9559 7224 980
9560 4209 656
9562 19664 782
9563 5954 698
9564 9914 17
9565 6337 342
9565 17084 411
9566 1881 711
9566 6060 135
9566 15854 576
9567 1860 402
9568 16390 99
9569 7805 280
9572 16595 855
9573 4889 304
9575 16936 603
9578 4487 253
9583 17355 895
9584 12995 915
9591 19208 833
9592 13079 460
9595 1299 52
9595 7836 70
9595 17613 436
9598 19287 327
9599 922 139
9601 10186 25
9601 18588 652
9603 1707 528
9605 16743 819
9608 13154 37
9613 19199 468
9614 10688 819
9617 16446 852
9618 3511 696
9620 19876 18
9623 967 355
9628 12345 564
9630 10288 152
9631 14274 918
9633 3611 598
9633 6683 148
9635 16996 963
9636 5436 16
9636 6517 224
9637 11966 822
9640 5819 61
9641 747 430
9642 1621 146
9645 9906 187
9656 5714 150
9659 3406 955
9660 252 292
9667 7266 716
9673 13944 610
9674 14613 894
9676 4659 747
9677 16118 396
9687 13812 26
9688 15425 569
9690 11987 392
9690 13115 633
9690 16831 988
9692 4058 976
9696 11720 785
9697 17038 546
9698 15369 153
9699 11081 836
9704 15337 510
9708 6451 147
9712 7390 440
9714 4223 851
9715 16923 600
9718 17265 414
9721 2933 520
9721 5229 613
9723 19921 581
9729 12030 541
9730 846 194
9731 7888 452
9731 17200 436
9732 6967 193
9734 11907 162
9735 17068 637
9736 8968 818
9737 6838 371
9738 4327 795
9738 10357 275
9740 13771 777
9740 15842 350
9745 10906 892
9746 9076 168
9747 13491 753
9754 7060 238
9755 472 698
9755 10386 778
9760 18418 684
9761 1075 461
9766 4557 7
9767 6077 46
9772 10282 58
9777 15077 40
9778 17497 777
9780 3233 168
9781 736 882
9781 8118 273
9788 3116 727
9788 11927 769
9795 3045 497
9797 9322 625
9799 17715 119
9802 670 405
9806 339 121
9809 1030 803
9814 1212 329
9815 1072 619
9815 5391 60
9815 9487 687
9818 11558 379
9819 1266 777
9821 1902 559
9821 4498 735
9821 10533 106
9822 8734 343
9826 4352 890
9828 12136 366
9832 4030 431
9834 8455 372
9834 11349 106
9840 5776 782
9840 13712 405
9841 3624 951
9843 9115 905
9847 5644 701
9848 9710 282
9851 7564 701
9851 18564 242
9854 5744 81
9854 11492 96
9860 9617 717
9863 13400 920
9866 7787 943
9866 8196 874
9866 17177 106
9870 1978 986
9871 1494 979
9871 12997 194
9871 13928 852
9871 15653 244
9873 15985 718
9874 17432 357
9875 8913 658
9878 8861 310
9882 6478 873
9883 286 457
9885 7992 839
9885 15770 597
9889 13685 295
9890 4602 654
9892 2035 57
9898 19388 327
9900 5276 494
9900 8436 440
9901 6190 531
9901 13704 179
9903 3264 955
9903 10883 722
9909 2774 926
9911 11688 611
9911 13296 247
9911 14033 1
9920 9368 991
9922 16838 527
9927 730 25
9932 15739 391
9933 665 395
9933 8987 604
9936 6498 538
9941 14867 917
9945 9703 711
9947 3330 981
9947 18939 100
9948 7878 311
9948 10193 430
9953 8786 554
9954 14997 575
9956 17401 893
9956 19252 785
9958 7283 399
9966 10617 727
9972 18512 310
9977 10232 535
9978 4960 105
9981 18535 758
9982 15915 865
9983 3713 818
9984 2053 296
9985 9522 589
9987 6168 67
9987 16595 615
9988 15165 935
9993 514 223
9999 2926 63
9999 3265 296
9999 13918 21
10001 4337 793
10005 15573 650
10006 17905 113
10008 1487 770
10008 2164 612
10015 4423 205
10022 4592 393
10027 19247 308
10029 1555 87
10029 19328 697
10030 3483 265
10031 3495 61
10031 12467 420
10032 10540 225
10035 4179 169
10038 2607 104
10039 11869 552
10039 16765 990
10039 17294 744
10040 2919 542
10044 8100 605
10044 9466 231
10045 17792 672
10048 6975 7
10048 15155 336
10052 6022 488
10053 11128 511
10054 4972 113
10056 6546 203
10057 7645 727
10059 14164 907
10060 748 477
10060 15895 719
10061 4351 84
10063 12206 657
10064 8461 957
10067 4045 77
10068 9312 147
10069 16436 320
10072 15375 236
10073 3376 302
10075 7136 976
10075 13963 31
10076 5373 126
10077 1257 602
10077 2263 586
10078 7830 484
10080 213 357
10080 6058 26
10085 1941 93
10086 4770 27
10087 16035 212
10088 16051 522
10090 15096 169
10093 15986 170
10094 16622 624
10096 1747 382
10096 15420 972
10097 2377 184
10101 13556 940
10103 4096 915
10103 6607 556
10106 327 701
10106 6233 318
10117 8252 958
10120 2786 848
10120 3014 384
10122 1416 78
10122 4432 468
10123 9643 957
10123 19430 985
10124 16346 535
10126 14036 498
10131 18918 832
10132 12720 368
10133 1237 513
10134 8430 125
10136 16464 527
10141 815 79
10141 1653 870
10142 5141 244
10144 18076 145
10145 1569 289
10145 9263 749
10146 14652 591
10151 5320 230
10152 14237 190
10154 19217 459
10155 10179 624
10159 4463 665
10160 17796 707
10161 4228 196
10162 15276 799
10163 1470 119
10167 17178 662
10168 19757 125
10173 2049 999
10174 2880 458
10174 15597 100
10175 1753 191
10176 651 149
10177 2656 743
10177 14495 516
10178 9262 905
10179 15878 577
10180 6252 188
10185 4366 537
10187 550 154
10190 720 388
10191 5664 363
10192 12779 980
10192 17573 574
10195 8549 116
10196 17852 231
10198 153 88
10199 4616 10
10201 2223 59
10202 18368 807
10207 19943 608
10208 18094 21
10211 7709 661
10212 11763 263
10213 19853 953
10215 16244 853
10219 1677 957
10220 6679 353
10221 10079 319
10223 14529 930
10224 2374 292
10224 17034 272
10229 3619 848
10229 6928 921
10232 1515 241
10234 7964 826
10238 8973 272
10239 11906 21
10239 19361 495
10241 14005 405
10241 19439 533
10243 3175 831
10243 5772 191
10245 4278 736
10247 16739 306
10248 13780 586
10248 18054 769
10249 1879 58
10249 9468 696
10249 11156 602
10250 2894 974
10250 11928 21
10262 3196 890
10266 6993 966
10270 4883 293
10270 7412 641
10278 9175 728
10284 7968 459
10288 2996 379
10291 8979 224
10297 9012 287
10298 13572 950
10302 18501 740
10303 217 803
10303 4980 622
10303 17533 118
10304 2361 770
10305 4302 90
10306 1511 900
10307 2035 572
10307 15856 205
10308 7258 485
10309 15079 905
10314 17041 394
10318 7897 866
10318 11585 436
10322 2789 348
10323 2778 432
10326 11759 42
10327 9376 890
10329 841 372
10330 14558 479
10331 3681 109
10331 4129 692
10331 4596 858
10332 16830 822
10333 4593 988
10337 13127 393
10338 12327 521
10339 19967 918
10343 5789 485
10348 9498 845
10349 4597 881
10351 13905 570
10354 11205 519
10358 6180 761
10360 17124 745
10362 13910 589
10365 12655 445
10366 400 994
10369 14265 753
10369 16791 916
10370 16780 909
10371 3161 488
10373 15810 814
10376 13112 255
10377 15727 235
10377 16431 882
10378 9988 101
10381 7274 297
10382 7560 262
10383 2808 442
10383 17136 59
10390 1395 931
10391 15051 351
10393 8248 346
10395 9632 779
10396 14959 631
10404 6132 837
10404 6290 673
10405 14812 87
10408 10384 746
10409 7434 458
10411 11243 474
10411 14087 456
10414 1779 530
10414 13508 234
10415 10995 612
10415 16148 676
10422 5205 892
10422 18375 670
10426 5652 302
10433 7016 591
10438 3366 193
10439 19650 471
10443 10815 826
10447 14942 874
10451 16156 474
10452 13967 872
10454 398 832
10455 19194 82
10456 13756 359
10456 16722 841
10458 10304 829
10458 15961 488
10460 11376 498
10463 17641 320
10465 5063 453
10465 13138 129
10466 19573 549
10471 1642 415
10481 5969 652
10482 9017 4
10484 5290 978
10485 9789 542
10491 19108 959
10492 17351 768
10494 9673 814
10494 10452 137
10495 8127 180
10498 12254 785
10499 2885 396
10499 12155 437
10499 16990 826
10503 13475 563
10503 14765 986
10504 15605 125
10506 3129 464
10507 4598 579
10507 5145 423
10509 15154 798
10510 1431 55
10514 19137 555
10515 8143 562
10516 7877 380
10516 14617 180
10517 4593 47
10518 30 300
10520 16241 784
10522 16503 167
10523 218 384
10524 13238 346
10525 7273 169
10529 6474 347
10529 14674 945
10531 19314 828
10532 613 843
10532 2836 561
10532 3201 689
10533 1219 713
10533 13317 237
10533 13633 462
10535 11765 123
10540 15978 550
10543 18531 198
10543 18895 334
10545 19101 71
10546 7171 672
10548 9459 767
10550 16134 660
10552 7632 836
10554 3056 834
10557 9054 100
10558 14590 787
10561 14492 406
10565 19173 416
10566 2063 802
10575 22 577
10575 14840 960
10576 17219 8
10576 17234 660
10584 370 489
10586 6922 466
10587 9311 665
10592 16877 303
10593 13620 355
10594 6671 642
10598 6936 83
10599 13347 351
10599 14088 648
10605 7383 961
10605 11841 492
10605 13833 576
10605 14920 580
10609 4159 858
10609 18308 846
10611 16438 491
10614 7151 249
10614 12457 786
10614 18796 446
10617 12278 373
10622 3302 210
10622 13450 191
10623 2130 280
10624 4857 860
10624 18374 577
10625 14013 375
10629 324 828
10631 5348 101
10631 18928 220
10635 12946 450
10635 13013 229
10642 5141 821
10644 929 64
10644 12911 577
10644 13003 1000
10646 4694 520
10646 5503 320
10646 7797 467
10646 12699 285
10648 640 499
10648 6529 994
10648 19863 629
10650 11459 747
10654 4130 519
10654 17449 123
10659 17881 586
10660 4081 691
10663 11892 750
10664 5254 934
10665 5990 55
10670 8648 699
10671 1788 659
10671 8426 504
10677 19371 850
10678 19639 177
10684 897 775
10689 11535 91
10690 18163 765
10692 11226 189
10694 12451 437
10698 8996 382
10698 14328 544
10700 24 679
10700 7507 230
10701 16865 878
10702 7071 439
10704 19472 339
10704 19647 30
10706 15066 588
10711 18964 661
10712 15030 138
10716 6029 446
10717 11050 968
10717 18906 176
10718 2756 607
10721 866 624
10722 15751 165
10723 5968 353
10724 5578 593
10728 3725 492
10729 7940 726
10729 11324 420
10730 4399 498
10731 15429 566
10733 17984 851
10735 16354 475
10735 18412 495
10737 16766 58
10737 18913 396
10738 17381 640
10741 8308 396
10748 4569 489
10748 6035 518
10749 5072 786
10754 12458 568
10755 8460 566
10758 1856 848
10760 12709 932
10760 17737 755
10767 12383 839
10773 14050 738
10775 1037 607
10775 4150 522
10777 9864 160
10779 17040 137
10785 9052 645
10787 16443 147
10791 17897 138
10793 8010 205
10794 15589 6
10799 13352 773
10800 19235 796
10803 17873 563
10807 7257 924
10809 5653 233
10813 11166 941
10814 12292 275
10816 3784 580
10817 11018 303
10820 12342 402
10822 16343 803
10826 7355 868
10829 14480 411
10832 13851 601
10833 15604 358
10836 3680 6
10843 11637 244
10843 17488 334
10847 9459 509
10847 12903 91
10852 19222 971
10854 3235 174
10855 11978 513
10860 1900 24
10869 6080 929
10870 19499 562
10874 19598 651
10874 19788 604
10875 9937 25
10876 12939 541
10878 14161 677
10878 16563 519
10881 14240 776
10883 15258 818
10884 662 57
10884 7009 50
10886 7597 147
10887 555 572
10890 1704 685
10893 3707 984
10893 3881 922
10893 16019 404
10896 9003 758
10897 11299 610
10898 13226 726
10899 2225 453
10899 15286 831
10900 9091 754
10902 15822 315
10904 17914 700
10904 19780 937
10906 4 89
10906 10823 86
10907 2688 195
10910 4212 611
10911 179 927
10911 3109 893
10911 5383 789
10912 1723 363
10913 17218 858
10915 374 220
10915 12425 801
10917 12765 103
10924 15145 240
10928 6 623
10929 4305 418
10932 15800 702
10933 3421 627
10933 9650 776
10935 6289 677
10939 2497 20
10943 3033 293
10945 4920 968
10951 12289 980
10954 563 104
10956 2584 639
10958 16001 981
10958 19340 630
10959 7171 783
10961 1035 547
10961 5530 928
10961 10964 260
10961 14874 117
10963 13053 301
10964 9010 437
10971 3938 72
10971 12177 382
10971 19763 655
10972 4956 975
10973 13734 520
10976 9606 50
10979 5862 302
10981 16026 200
10985 19221 121
10987 5425 492
10990 155 896
10990 12153 38
10993 17135 271
10994 1166 243
10995 4385 199
11001 7637 459
11001 9405 172
11004 2024 703
11004 2472 877
11005 16262 716
11009 9043 169
11011 8309 6
11015 14610 975
11016 4932 220
11016 17638 969
11017 14070 239
11019 8366 909
11022 6624 186
11022 14155 286
11022 18149 591
11032 10710 914
11037 2421 657
11043 5302 680
11046 8343 860
11046 8727 439
11050 4710 770
11054 3591 248
11054 14333 468
11055 4981 634
11055 7854 204
11058 10792 427
11060 8553 663
11061 12904 363
11062 14877 313
11063 609 459
11064 11459 823
11065 7542 405
11068 17667 197
11072 2002 257
11072 4899 574
11074 17737 729
11077 9698 666
11078 1605 227
11078 5110 202
11079 9421 844
11079 14348 343
11081 3079 537
11082 6126 424
11084 16937 374
11088 14885 41
11090 14769 610
11091 7008 368
11091 11550 268
11093 7221 478
11095 17335 683
11096 11587 578
11101 13139 610
11101 17288 451
11102 4937 756
11103 6314 52
11109 6666 217
11112 3593 295
11114 7297 543
11116 17494 170
11117 6796 52
11117 10721 204
11118 16326 745
11118 17219 898
11119 6126 487
11120 2642 156
11120 11366 585
11122 10039 715
11123 6473 744
11125 7808 418
11125 18347 600
11128 2108 548
11128 13025 201
11132 6960 565
11132 11410 380
11134 15365 792
11136 13526 106
11137 17984 992
11142 1221 903
11144 9875 501
11147 13314 383
11148 12809 130
11149 13318 168
11150 4960 524
11150 16608 468
11151 17873 926
11153 3477 516
11155 10625 848
11157 4654 178
11158 16643 586
11160 32 307
11161 7636 129
11161 12671 680
11162 434 405
11169 730 501
11175 6475 135
11176 13847 452
11177 4329 209
11177 9539 281
11178 4187 867
11180 7772 992
11181 9003 688
11182 12688 978
11183 7113 508
11186 18127 492
11188 14375 633
11189 17131 91
11189 17640 772
11195 12130 106
11196 867 684
11196 3613 804
11199 12605 840
11200 19531 740
11201 593 635
11201 19676 658
11202 13209 979
11202 13769 118
11205 4775 327
11205 19330 494
11206 742 811
11207 17856 750
11209 11970 711
11211 5940 693
11212 1701 621
11212 14180 782
11213 14774 151
11222 19945 794
11225 12239 948
11230 11972 67
11232 4405 374
11234 6621 189
11234 7583 97
11237 13750 643
11242 12488 249
11242 14692 1000
11242 17323 664
11242 17875 115
11244 7937 542
11246 140 445
11249 10177 190
11249 16020 892
11250 12903 888
11254 4111 199
11260 12066 112
11261 323 104
11263 16573 359
11265 16522 869
11266 10274 375
11268 14402 441
11269 19218 392
11273 317 621
11275 8628 283
11278 19591 10
11279 7628 771
11279 19478 617
11280 19816 567
11281 12331 988
11287 12453 375
11289 1974 231
11291 90 580
11292 11721 874
11294 2433 227
11295 8879 37
11296 19223 119
11298 8607 768
11301 709 130
11302 3647 372
11307 258 517
11313 7248 236
11315 8194 958
11319 18592 295
11319 18764 780
11321 12601 161
11324 16579 270
11325 3314 483
11325 10077 415
11327 2045 730
11327 12328 171
11329 12549 737
11330 3769 382
11330 13562 251
11334 569 140
11335 2001 75
11342 957 540
11343 13144 853
11348 2067 742
11353 16951 506
11356 14241 911
11363 3635 112
11365 19163 101
11366 4499 898
11366 10171 246
11366 10596 586
11368 11915 979
11369 710 854
11370 8233 859
11373 13028 565
11373 16700 566
11374 3752 950
11374 13312 628
11377 4437 79
11379 2952 201
11381 129 954
11381 12721 345
11390 5695 507
11390 18974 321
11396 3990 393
11396 4103 946
11396 5918 307
11399 4816 766
11400 8874 196
11400 11864 102
11403 5041 547
11404 1221 8
11409 1845 68
11410 9779 685
11411 10861 336
11412 2288 413
11413 8743 82
11413 11412 816
11415 7327 214
11417 7859 268
11417 11643 574
11421 15880 591
11430 16853 328
11430 17132 538
11433 6112 100
11437 13101 977
11437 15587 587
11438 11531 280
11442 17097 473
11442 17530 389
11443 6067 158
11443 10509 411
11444 13962 835
11445 16128 281
11447 7010 453
11448 11010 397
11450 7254 131
11451 6197 238
11453 15592 649
11455 6251 931
11455 18649 926
11458 6932 695
11461 8115 895
11462 4318 587
11462 13792 924
11464 18339 100
11466 18859 136
11467 11697 602
11468 18679 922
11469 9666 491
11472 14360 558
11475 1117 647
11477 6470 651
11480 8425 710
11482 7465 110
11484 3765 930
11485 2112 703
11487 1067 765
11491 13621 545
11492 18356 601
11494 6977 911
11494 8849 199
11496 3763 937
11497 11356 796
11500 5432 455
11509 11956 440
11512 3937 387
11513 6802 699
11515 16715 638
11515 19930 598
11517 15445 947
11519 8167 880
11520 11413 85
11521 12138 308
11526 8628 327
11529 12331 451
11530 5403 658
11535 13286 699
11535 18855 79
11536 7533 592
11538 10395 732
11538 19239 167
11539 896 938
11544 18598 841
11545 925 509
11547 12988 575
11548 17995 496
11549 3945 339
11551 7518 24
11551 16083 819
11553 1270 197
11553 8652 385
11554 19455 350
11564 16100 275
11566 9378 913
11567 1431 380
11567 5407 332
11568 16186 32
11569 13758 632
11570 19470 466
11571 11798 699
11573 3806 737
11574 18184 941
11577 7997 979
11577 14543 994
11578 9651 747
11579 14638 290
11590 2857 714
11591 1560 295
11593 17767 506
11599 4332 885
11599 10719 573
11610 4307 463
11612 16240 14
11614 8377 219
11617 9501 205
11619 7665 720
11621 17221 365
11625 8567 197
11630 18730 80
11632 15174 18
11635 6671 481
11636 12109 58
11639 4830 711
11639 19933 569
11640 15650 84
11643 3762 575
11644 17591 163
11647 11081 261
11648 3448 802
11651 9142 672
11654 9344 132
11655 6152 750
11658 6141 945
11658 8165 328
11658 10411 176
11661 16875 340
11662 3410 203
11663 3730 547
11663 16585 484
11664 3904 270
11664 15988 281
11669 2254 983
11673 4010 521
11674 17124 818
11678 10958 748
11679 6081 924
11683 7070 698
11683 19104 420
11686 7627 501
11687 5016 249
11689 11471 770
11691 14928 350
11693 6302 118
11695 12569 926
11696 2685 836
11704 2777 403
11705 4033 830
11707 3416 253
11707 19521 269
11708 1361 511
11709 10043 662
11711 2901 517
11715 11767 22
11719 17758 572
11721 3317 690
11721 4130 683
11722 13471 553
11724 377 60
11726 4776 383
11726 11656 995
11727 385 505
11727 675 696
11728 1674 879
11728 13153 935
11728 17386 780
11730 10626 924
11731 6126 872
11734 8373 264
11739 17403 596
11744 2236 670
11748 8011 145
11750 11943 147
11754 2839 344
11754 4426 659
11758 5666 68
11760 14755 862
11761 10279 261
11764 815 722
11765 119 501
11766 12008 677
11766 16152 45
11768 9054 758
11768 12433 237
11768 19120 513
11768 19839 355
11769 2289 712
11769 4278 441
11769 12411 793
11774 2854 561
11774 7784 872
11774 12633 50
11779 2290 51
11782 2354 354
11784 15899 44
11788 16191 735
11790 19964 807
11794 4798 919
11794 17406 237
11795 3384 642
11798 18468 526
11798 19131 662
11799 18265 688
11801 4943 780
11802 12052 571
11807 11930 189
11808 6157 713
11808 15687 995
11810 11558 690
11814 2865 490
11817 17911 80
11818 10055 758
11819 14977 935
11820 825 75
11820 17661 299
11830 6728 319
11831 3124 949
11833 10127 843
11833 13983 520
11834 5635 284
11835 17194 926
11840 1921 68
11840 4122 922
11842 4788 31
11842 14716 873
11843 5793 954
11844 6790 744
11845 18561 133
11847 11113 275
11850 4703 59
11851 354 576
11852 7518 27
11852 13295 848
11853 4377 385
11857 4356 666
11858 1401 315
11858 7856 737
11859 14205 158
11865 6603 850
11865 16122 621
11869 11735 365
11871 3287 965
11871 16470 530
11873 18450 815
11878 593 915
11878 10857 183
11878 19747 98
11879 7702 729
11879 10715 884
11882 11609 561
11882 17026 824
11883 14255 422
11884 12887 433
11887 11770 176
11888 10290 113
11888 15225 862
11888 15606 642
11892 3792 259
11892 6528 31
11893 10782 508
11894 19285 292
11895 3466 732
11898 4580 866
11899 15787 750
11902 3312 478
11902 5337 916
11905 11798 84
11905 16343 221
11907 6250 496
11915 14657 174
11916 3385 494
11916 3920 202
11917 4951 830
11921 10666 646
11921 19294 704
11930 17723 310
11932 5580 600
11932 10520 155
11933 3397 910
11935 7455 309
11936 14784 869
11938 7379 64
11940 19210 516
11941 11519 80
11942 12200 51
11942 16388 481
11943 770 685
11945 17225 777
11946 2817 564
11947 2289 360
11947 5082 78
11948 3696 469
11948 5308 253
11949 9192 731
11951 84 176
11953 5103 708
11953 12730 668
11954 5321 429
11956 6929 741
11967 5756 663
11968 6562 953
11972 14822 592
11974 17760 867
11982 1763 664
11983 3049 613
11989 15933 356
11992 12502 616
11993 10822 415
11994 757 941
11994 19314 824
11997 4191 260
11997 7989 494
11999 10917 248
12000 3486 248
12000 14391 641
12006 11953 92
12010 18403 600
12011 13048 169
12017 14068 782
12018 2197 500
12018 4630 632
12020 306 703
12020 5822 529
12020 10397 455
12023 18502 987
12026 1996 838
12028 13779 595
12030 16666 545
12036 12626 289
12037 16523 669
12041 12414 239
12043 287 293
12048 127 668
12059 19353 234
12061 15929 366
12064 3423 137
12065 3147 578
12065 5915 640
12066 2441 368
12070 12769 585
12071 12991 165
12072 8219 87
12074 11677 108
12077 4773 64
12077 11794 837
12079 10078 229
12082 19727 480
12084 16766 337
12087 8346 693
12087 15588 509
12088 5939 192
12090 3226 900
12094 18184 272
12096 2782 305
12096 3544 344
12097 2777 886
12098 5145 728
12099 10928 326
12100 16890 927
12102 8648 496
12104 9690 809
12105 8462 535
12106 1905 310
12106 4494 655
12113 1797 821
12115 3975 275
12115 17059 238
12118 13663 779
12119 6986 28
12119 16049 105
12124 2132 379
12126 2895 968
12126 13319 432
12126 19135 771
12128 11255 113
12129 18028 364
12131 10399 756
12135 8798 722
12137 11387 807
12138 18414 814
12141 19813 623
12142 8812 447
12143 2780 327
12147 12021 349
12147 14302 428
12148 2745 770
12148 16857 234
12149 4203 45
12149 6363 206
12149 16382 985
12150 17009 534
12151 11397 314
12152 8418 269
12153 16703 12
12155 6180 218
12155 13265 121
12156 5965 737
12157 11408 919
12161 10115 581
12163 19668 83
12171 7087 676
12171 9681 967
12171 15983 927
12172 12213 992
12174 19348 189
12176 5660 627
12177 19220 779
12178 1154 131
12179 13824 690
12181 6225 553
12186 9781 34
12186 14378 871
12192 10705 85
12193 2705 566
12193 15046 253
12194 4292 673
12195 7343 637
12196 2401 141
12196 5168 362
12196 16685 206
12205 18333 651
12215 17028 117
12219 2366 263
12221 8403 155
12222 13877 405
12223 10838 920
12224 7236 411
12228 3103 824
12233 4270 863
12236 7858 675
12241 3288 411
12242 10301 436
12243 13451 195
12247 16292 406
12248 3765 719
12249 15699 164
12250 3844 73
12254 1879 708
12254 6028 610
12256 5986 507
12256 6166 717
12259 635 453
12267 14027 864
12271 7238 127
12278 664 84
12279 17647 519
12280 19494 318
12281 10929 660
12281 12409 687
12281 17557 332
12285 4954 693
12285 11035 272
12286 17096 472
12293 2893 19
12294 9075 337
12296 16034 451
12299 8696 61
12299 12938 39
12300 18832 925
12302 561 834
12303 766 254
12304 9304 978
12304 11656 901
12304 12747 857
12311 7114 311
12312 6216 313
12313 878 796
12313 17622 348
12318 13561 895
12319 12667 190
12319 17601 698
12320 15309 379
12321 9644 532
12321 14330 610
12325 1543 181
12325 4818 119
12327 9271 450
12329 11917 782
12329 15413 482
12334 4222 543
12337 3061 137
12337 5886 888
12338 5419 595
12339 3224 925
12341 13413 424
12343 12678 280
12347 73 873
12347 217 845
12348 12874 773
12349 5812 910
12349 10532 189
12350 1062 139
12352 2917 242
12356 999 800
12358 8384 964
12360 16415 49
12362 11882 205
12364 4451 797
12365 17402 901
12366 8659 211
12367 8822 658
12369 5960 981
12369 7070 511
12373 3213 321
12378 9092 564
12380 16070 15
12381 4299 184
12382 12116 785
12383 1527 114
12383 15756 685
12384 3935 848
12384 19965 553
12385 6934 38
12389 14854 857
12392 2888 835
12392 6476 825
12394 15616 426
12399 4019 978
12399 17408 627
12399 18454 435
12404 2043 193
12407 17367 779
12408 18212 693
12411 15022 931
12413 10462 454
12413 12952 3
12415 6301 625
12415 10530 828
12417 9887 935
12417 13646 473
12425 17338 120
12426 12574 375
12428 7104 295
12431 14695 391
12436 4287 973
12438 16222 392
12438 16409 745
12439 1767 469
12440 8035 350
12444 17600 555
12446 8493 716
12448 2749 986
12452 17353 927
12453 3043 595
12454 3462 329
12458 6971 292
12458 11733 594
12461 19744 295
12462 16299 641
12464 19952 557
12470 2548 272
12471 8561 264
12475 10893 889
12475 11386 599
12475 19769 162
12476 10529 332
12478 3509 604
12479 15592 466
12483 396 101
12483 8906 650
12485 17518 675
12486 15334 166
12488 2620 280
12488 18552 632
12489 6438 868
12491 6114 316
12495 2918 935
12496 6314 151
12497 12557 860
12500 1011 683
12500 14550 848
12501 8395 349
12501 19592 118
12503 7982 379
12507 10555 62
12509 1420 313
12513 17733 603
12514 2379 933
12516 7993 450
12519 5733 759
12520 4815 731
12521 3226 23
12522 15917 735
12523 17748 606
12524 16636 438
12526 2260 749
12526 16207 638
12527 12075 458
12529 2241 822
12529 16285 617
12530 15104 639
12530 15826 520
12531 13393 32
12534 13103 345
12536 1661 467
12537 19058 899
12543 6259 187
12544 6936 254
12544 16659 199
12545 12423 600
12550 15006 64
12554 1501 553
12554 4929 508
12554 12516 681
12559 5076 179
12559 16343 33
12564 12510 130
12568 18255 393
12571 5342 878
12573 7538 43
12576 13957 750
12576 18745 183
12577 4156 619
12578 827 338
12580 17057 906
12581 6885 840
12585 10412 944
12586 18727 818
12588 4373 921
12589 1303 769
12594 15185 255
12595 12041 558
12599 5802 94
12600 13338 652
12601 19417 82
12604 19132 648
12609 10449 357
12612 7083 284
12616 1765 904
12620 5918 937
12623 6314 154
12627 1912 968
12635 3027 390
12635 9477 283
12635 13370 893
12640 17344 217
12647 18379 701
12657 7269 571
12658 17359 424
12660 11905 654
12670 853 394
12670 6310 130
12678 3589 110
12681 11589 370
12683 2008 953
12683 15629 368
12683 16239 739
12685 13311 951
12687 9196 761
12687 16210 19
12690 61 74
12691 10792 285
12691 12389 219
12694 4582 473
12695 3843 662
12700 11600 350
12700 16318 172
12703 4479 716
12705 15582 531
12711 12502 56
12714 12678 139
12718 11276 402
12718 17499 300
12722 17066 280
12724 3604 630
12725 7362 621
12725 12306 541
12728 14279 213
12730 5568 911
12730 18099 434
12733 13329 984
12734 3457 756
12736 10875 800
12739 854 831
12740 14071 193
12740 15221 677
12747 15264 506
12748 2134 611
12748 6003 562
12752 17158 711
12753 14002 104
12753 18713 240
12761 17163 907
12761 19748 525
12764 15345 52
12766 16170 249
12768 1335 79
12769 11358 399
12771 4633 521
12774 9381 705
12775 18431 837
12776 9976 207
12777 9689 5
12777 15167 512
12782 19893 904
12785 17316 507
12787 1212 554
12791 17723 344
12792 12238 101
12792 17071 142
12793 7296 205
12800 16536 628
12801 18515 831
12803 12017 190
12804 152 194
12804 15651 715
12805 5104 379
12812 1134 196
12813 5018 178
12813 5719 332
12815 7482 187
12816 11947 98
12821 13648 638
12822 1510 15
12822 10206 230
12825 8340 623
12826 2884 354
12827 5198 353
12828 324 430
12830 6118 952
12830 11079 616
12832 7434 714
12833 348 206
12835 5159 770
12838 7823 731
12839 2904 353
12841 5535 182
12842 3538 899
12843 2937 24
12845 18959 173
12846 7474 910
12847 14776 714
12848 1953 163
12849 2360 86
12849 5469 449
12851 3020 852
12851 4023 56
12854 16194 256
12855 10519 235
12856 4894 949
12857 9591 696
12858 18367 617
12860 1564 570
12860 11816 4
12862 7517 633
12863 6448 9
12865 10692 138
12867 9707 840
12871 4123 590
12872 3088 864
12874 16871 375
12875 2860 431
12875 9930 883
12875 10277 950
12876 236 525
12878 11866 499
12878 15255 974
12879 12182 204
12880 2313 171
12881 17355 399
12884 12909 797
12888 569 227
12888 636 480
12888 4341 552
12898 5534 405
12900 9480 95
12905 1714 223
12906 1810 760
12906 3062 862
12907 16044 767
12907 16582 764
12910 12062 94
12911 8505 998
12915 9323 970
12915 16381 435
12918 10256 537
12919 4483 68
12921 1029 285
12926 1392 304
12931 927 264
12933 14034 132
12934 12992 139
12936 2016 592
12938 4002 917
12939 6927 60
12943 14923 156
12944 15372 710
12946 13911 144
12947 16621 999
12957 18932 440
12961 530 209
12961 7914 729
12967 4867 516
12972 2726 714
12973 5571 30
12976 17870 636
12978 17818 806
12979 8535 251
12980 18069 73
12981 10616 404
12982 727 49
12982 15966 521
12985 9107 194
12994 7777 616
12995 4653 734
12997 17612 583
13000 14931 77
13004 17289 182
13011 4009 634
13011 14021 809
13018 19202 579
13019 9333 695
13023 6726 579
13024 13817 721
13029 16321 927
13030 9387 266
13030 11921 43
13031 8022 372
13032 14211 240
13033 19565 532
13034 10338 909
13036 16011 999
13042 2042 851
13042 19631 747
13043 4128 743
13044 11510 981
13046 15966 18
13048 5276 731
13049 8314 487
13051 19732 12
13054 4714 342
13057 17259 597
13059 1850 387
13061 2107 64
13064 3662 669
13072 13213 325
13073 7244 923
13074 17753 813
13077 2175 647
13077 11248 627
13083 16933 251
13083 17270 65
13085 12413 317
13086 12948 815
13086 16444 95
13086 18997 644
13089 9155 819
13089 11742 751
13090 2110 329
13098 15928 392
13106 9323 593
13109 15274 925
13112 6690 369
13119 9717 508
13121 8980 789
13123 3631 269
13126 3287 670
13128 10606 809
13131 3822 595
13132 2782 306
13135 19317 702
13137 2416 20
13138 4442 14
13140 6233 392
13140 19234 158
13142 5896 689
13142 16225 584
13143 9092 906
13143 17587 972
13146 6445 169
13147 1175 106
13147 16377 302
13151 19410 149
13154 8068 891
13156 13237 64
13158 16146 274
13158 19372 811
13165 8592 350
13165 10249 689
13168 7298 738
13168 11372 745
13168 12775 317
13169 3519 70
13170 4054 699
13171 12939 217
13171 17329 238
13181 1710 890
13184 7633 47
13185 14144 991
13187 8180 40
13187 8678 98
13189 5609 81
13192 17916 472
13193 1817 826
13194 4989 391
13196 834 153
13197 10918 52
13198 1940 1000
13199 752 343
13201 1345 538
13205 18142 152
13208 6866 39
13209 3380 982
13210 14341 820
13213 9633 362
13214 1750 124
13218 10340 268
13219 11198 160
13222 2381 276
13223 11608 884
13224 12676 953
13227 6083 557
13229 9302 780
13232 11547 109
13235 17584 309
13240 6289 509
13240 13958 945
13241 6151 39
13241 9675 467
13245 6511 567
13246 696 339
13246 8542 232
13249 143 291
13249 273 110
13249 17737 848
13250 399 455
13252 11833 730
13252 13110 469
13253 4768 402
13263 7990 916
13268 7555 424
13268 18947 539
13272 690 183
13273 893 558
13274 1982 237
13276 3448 430
13276 16481 469
13277 11302 569
13277 17778 1
13278 19574 326
13279 4664 970
13280 13082 68
13282 8012 888
13285 5164 901
13291 5702 637
13291 13736 745
13292 3959 282
13292 13318 846
13298 4131 868
13298 5542 133
13301 13425 864
13303 3690 1000
13306 12967 549
13307 10112 510
13307 11633 904
13307 13817 971
13308 16033 79
13317 1540 182
13319 13197 841
13320 18206 793
13323 7650 539
13325 13515 472
13327 4678 34
13328 11649 957
13329 5120 140
13329 13435 442
13332 9014 585
13333 7095 641
13335 9155 841
13335 14732 570
13338 9682 714
13343 4021 480
13345 1409 482
13345 11638 969
13348 6796 225
13348 14470 274
13352 10020 137
13355 16298 110
13358 9127 364
13359 7785 847
13361 12628 564
13363 13747 972
13365 4155 604
13367 9735 738
13368 6501 603
13369 10038 208
13371 13404 480
13372 7515 429
13377 5182 658
13377 6452 23
13378 4593 443
13379 6303 550
13383 2843 716
13383 12491 318
13385 1398 338
13387 17378 413
13391 2512 742
13391 13361 24
13394 19786 367
13395 392 404
13404 422 231
13406 18239 357
13407 18225 29
13411 12823 829
13411 17088 248
13422 15178 189
13423 12662 583
13427 15879 782
13431 3466 175
13432 19709 285
13434 4675 491
13434 7043 994
13435 1721 731
13435 4942 711
13436 19090 473
13438 12796 90
13445 11405 47
13451 7074 163
13454 7550 167
13455 1164 185
13455 7276 732
13458 14179 53
13461 5467 658
13461 10946 930
13462 8988 39
13463 1625 508
13463 8616 534
13463 13488 614
13466 1011 597
13466 14696 801
13466 15948 317
13467 1589 820
13468 5611 196
13468 17907 463
13469 15526 358
13472 19778 965
13473 9659 920
13475 9724 600
13479 3526 553
13481 16235 318
13482 132 340
13484 14906 734
13487 9301 491
13488 1109 733
13489 15999 162
13491 8139 219
13493 8965 886
13493 18884 579
13496 8002 931
13499 493 903
13500 16870 589
13503 705 162
13505 11501 534
13506 1382 589
13506 5980 305
13507 16310 30
13509 1103 624
13510 5628 125
13511 6566 718
13512 18956 121
13514 9538 642
13518 8905 545
13520 3630 291
13521 9978 301
13524 9950 351
13526 14996 135
13529 7958 544
13530 9045 490
13531 267 945
13533 14503 442
13533 19434 109
13534 7233 109
13536 18991 869
13537 13333 371
13538 845 381
13539 3208 159
13540 470 748
13540 7704 427
13542 464 355
13545 12979 575
13546 11953 31
13547 12491 105
13547 16990 142
13548 191 565
13548 15136 292
13551 19134 382
13554 17923 392
13555 18188 611
13556 5098 723
13559 14031 761
13561 10048 663
13561 17263 559
13564 18174 218
13565 10545 832
13568 1802 222
13572 2476 384
13574 15920 996
13574 18084 694
13575 5580 556
13579 19939 552
13581 3056 656
13581 4939 645
13582 15424 325
13585 2157 826
13588 13127 985
13589 1908 605
13591 15149 523
13593 8450 17
13596 9300 23
13601 7069 800
13602 15161 833
13603 10120 173
13606 12399 345
13606 13314 57
13609 12475 306
13609 17319 523
13613 9008 23
13615 8550 605
13617 2069 719
13621 7345 104
13623 19982 878
13628 17882 992
13634 10575 983
13636 8004 272
13638 10289 970
13643 17991 604
13644 6993 688
13652 12604 217
13653 18373 590
13656 7345 857
13656 14652 929
13661 3240 595
13661 9731 944
13662 17979 271
13663 17834 420
13666 6166 987
13668 3809 999
13668 18855 591
13669 7632 681
13670 2486 533
13670 6695 309
13670 12956 47
13670 19424 299
13672 4475 172
13672 7234 563
13673 19124 697
13675 13563 898
13680 17697 648
13683 4121 646
13683 15302 517
13684 17859 816
13686 18339 830
13689 6403 685
13689 10972 989
13691 10241 216
13692 8882 583
13696 1099 594
13696 5380 726
13698 3291 568
13698 15148 882
13700 7148 107
13702 16716 519
13708 19993 41
13712 3981 640
13715 4964 400
13717 12702 808
13719 17904 53
13724 9975 392
13726 9483 813
13734 15063 801
13738 6485 536
13739 5852 911
13740 17286 287
13742 2704 547
13742 14054 692
13749 11884 233
13751 6627 960
13752 4545 336
13752 15730 761
13753 5199 212
13756 5861 714
13757 17470 601
13758 13482 887
13759 11398 863
13760 14966 364
13764 8881 297
13768 16816 79
13770 2738 23
13772 8294 237
13772 8659 22
13772 9587 354
13773 5666 611
13774 6334 857
13775 1581 64
13778 6297 406
13779 6100 388
13779 9556 599
13781 12397 239
13783 2347 729
13785 12390 802
13786 300 669
13787 9878 140
13793 1133 652
13801 241 441
